ABDOLEE R,"ECE","ECE 188A, ECE 188C, ECE 188B"
ABRA G J,"SOC, COMM","SOC 172, COMM 164, SOC 173, COMM 176, COMM 150"
ABU-OMAR M,"CHEM","CHEM 173B, CHEM 2A, CHEM 2C, CHEM 2CC, CHEM 171"
ACKERT E S,"GEOG","GEOG 5, GEOG 108, GEOG 254"
ACOSTA-ALVEAR,"MCDB","MCDB 108A, MCDB 223, MCDB 220B, MCDB 596, MCDB 199"
ADAMS A J,"ARTHI","ARTHI 6B, ARTHI 111B, ARTHI 111C, ARTHI 186G, ARTHI 186A"
ADAMS B,"HIST","HIST 17A, HIST 177, HIST 167CB, HIST 178A, HIST 174B"
AFARY J,"RG ST, HIST","RG ST 111, HIST 46MI, RG ST 112, RG ST 81, RG ST 181F"
AFIFI T D,"COMM","COMM 124, COMM 151, COMM 199RA, COMM 251, COMM 224"
AFIFI W A,"COMM","COMM 89, COMM 111, COMM 168, COMM 107, COMM 160UC"
AGBOOLA A,"MATH","MATH 3B, MATH 122A, MATH 108A, MATH 115A, MATH 8"
AGRAWAL D,"CMPSC","CMPSC 130A, CMPSC 24, CMPSC 174B, CMPSC 274, CMPSC 596"
AHMAD A A,"RG ST","RG ST 2, RG ST 6, RG ST 125A, RG ST 119A, RG ST 119C"
AHUJA A,"POL S","POL S 6, POL S 106MI, POL S 133, POL S 230, POL S 199RA"
AKEMANN C A,"MATH","MATH 34A, MATH 34B, MATH 122A, MATH 118A, MATH 119A"
AKUDINOBI J,"BL ST","BL ST 165, BL ST 172, BL ST 171, BL ST 3, BL ST 161"
ALAGONA P S,"ENV S, INT","ENV S 1, ENV S 108W, INT 84CA, ENV S 193SY, INT 84ZX"
ALBADA N A,"PSY, PSY W","PSY 10A, PSY 10B, PSY 151, PSY W 1, PSY 160NA"
ALESSIO P A,"EARTH, ENV S, EARTHW","EARTH 20, EARTHW 20, ENV S 134, EARTH 113, ENV S 113"
ALIZADEH M,"ECE","ECE 10C, ECE 10CL, ECE 194B, ECE 240, ECE 594B"
ALMARAZ A,"DANCE","DANCE 43A, DANCE 43B"
ALVES FERREIR,"SPAN, INT, LAIS, C LIT","SPAN 100, LAIS 101, SPAN 115, SPAN 116, SPAN 186BI"
ALVES J A,"BL ST","BL ST 2, BL ST 174, BL ST 117, BL ST 208, BL ST 190C"
AMAR P E,"GLOBL, C LIT","GLOBL 120, GLOBL 162, C LIT 162, GLOBL 196, GLOBL 247"
AMIHAY A,"RG ST","RG ST 5, RG ST 26, RG ST 133C, RG ST 10, RG ST 133D"
AMIHAY O,"RG ST, HEB, C LIT","RG ST 133E, C LIT 184A, RG ST 133B, HEB 1, HEB 2"
AMIN-HONG H,"ENGL","ENGL 134AD, ENGL 165AD, ENGL 141MC, ENGL 197"
ANANTH P V,"CMPSC","CMPSC 138, CMPSC 178, CMPSC 292G"
ANDERS A,"FAMST","FAMST 55BE, FAMST 55DD, FAMST 165DK, FAMST 188AU"
ANDERSON KE B,"SOC","SOC 185A, SOC 185M, SOC 130ME, SOC 130A, SOC 232"
ANDERSON O E,"EARTH","EARTH 10, EARTH 123"
ANDERSON R W,"ECON","ECON 3A, ECON 132A"
ANDERSON S,"ESM, POL S","ESM 241, ESM 243, ESM 526, POL S 295, ESM 401D"
ANDREA B D,"ENGL, C LIT","C LIT 30B, ENGL 145, ENGL 165EM, ENGL 128ML, ENGL 197"
ANTONUCCI R R,"ASTRO","ASTRO 1, ASTRO 1H"
ANYIKA M,"CHEM","CHEM 1C, CHEM 25, CHEM 1B, CHEM 109B, CHEM 109A"
APPEL I J,"THTR, INT","THTR 188S, INT 35LT, INT 84CD, THTR 144A, THTR 144B"
ARENAS VELAZQ,"SOC","SOC 124, SOC 108A, SOC 205B"
ARGENT P,"ART","ART 100, ART 10, ART 101, ART 199"
ARGUERA S M,"BL ST","BL ST 122, BL ST 172, BL ST 118, BL ST 124"
ARIAS GONZALE,"MCDB","MCDB 134, MCDB 230, MCDB 134H, MCDB 218B, MCDB 218A"
ARMBRUSTER R,"CH ST","CH ST 1A, CH ST 168F, CH ST 175, CH ST 190, CH ST 169"
ARMISTEAD K J,"ED, RG ST, INT","ED 20, ED 118, ED 173, INT 102, RG ST 188B"
ARONOVA E A,"HIST","HIST 20, HIST 105CW, HIST 107C, HIST 107S, HIST 201HS"
ARYA D J,"ED","ED 124, ED 139, ED 221A, ED 199, ED 221EE"
ASCHE C B,"MUS A, MUS","MUS 33, MUS 133, MUS A 144, MUS A 244, MUS 220"
ASHBY F G,"PSY","PSY 221B, PSY 265, PSY 221E, PSY 199, PSY 99"
ATHAYDE M A,"LAIS, SPAN","LAIS 10, LAIS 101, LAIS 102, SPAN 107"
ATZBERGER P J,"MATH, INT","MATH 4B, MATH 104C, MATH 104B, MATH 104A, MATH 260HH"
AUE D H,"CHEM","CHEM 109A, CHEM 109B, CHEM 109AH, CHEM 126, CHEM 226"
AVETISYAN Z,"MATH","MATH 6B, MATH 3A, MATH 119A, MATH 117, MATH 8"
AWRAMIK S M,"EARTH","EARTH 2, EARTH 30, EARTH 3, EARTH 199, EARTH 596"
AZARENKO O,"MCDB","MCDB 6, MCDB 126, MCDB 126B"
AZZAM T,"ED","ED 214B, ED 227, ED 214A, ED 220, ED 225"
BADAMO H A,"ARTHI","ARTHI 105Q, ARTHI 105P, ARTHI 105C, ARTHI 105O, ARTHI 186D"
BAILLARGEON K,"WRIT","WRIT 2, WRIT 107L, WRIT 109SS, WRIT 105R, WRIT 109HU"
BAKER A D,"LING, LING W","LING 3C, LING 3B, LING W 12, LING 12, LING 8"
BALDWIN J D,"SOC","SOC 152A, SOC 142, SOC 152C, SOC 152B, SOC 142A"
BALDWIN J I,"SOC","SOC 152A, SOC 152C, SOC 152B, SOC 199"
BALENTS L M,"PHYS","PHYS 223A, PHYS 250, PHYS 217B"
BALKIND J M,"CMPSC","CMPSC 154, CMPSC 254, CMPSC 196"
BALLERINO J M,"MUS, INT","INT 84AB, MUS 158C, MUS 256, MUS 51, MUS 151"
BAMBACH P A,"MUS A, MUS","MUS A 34, MUS A 134, MUS 27B, MUS A 44, MUS A 234"
BAMIEH B A,"ME, ECE, PHYS","ME 163, ME 104, ECE 230A, PHYS 106, ME 169"
BANERJEE K,"ECE","ECE 122A, ECE 225"
BANKS I,"BL ST","BL ST 1, BL ST 169BR, BL ST 190, BL ST 180, BL ST 190C"
BAPAT S R,"PSTAT","PSTAT 126, PSTAT 122, PSTAT 120B, PSTAT 109, PSTAT 199"
BARACALDO LAN,"PSTAT","PSTAT 100, PSTAT 134, PSTAT 126, PSTAT 115"
BARBIERI A J,"HIST, HIST W","HIST 2A, HIST W 80, HIST W 2A, HIST 184A, HIST 184E"
BARNES D B,"PHIL","PHIL 20A, PHIL 20C, PHIL 163, PHIL 164"
BARNWELL B B,"LING","LING 137, LING 127, LING 146, LING 110, LING 111"
BARRAGE L,"ECON","ECON 2, ECON 260J"
BARRETT T W,"PHIL","PHIL 3, PHIL 100F, PHIL 124A, PHIL 185, PHIL 299C"
BARVOSA E,"FEMST","FEMST 181, FEMST 161, FEMST 186AA, FEMST 186AJ, FEMST 280A"
BASHI TREITLE,"BL ST","BL ST 4, BL ST 137E, BL ST 155, BL ST 208"
BATES C M,"MATRL, CHEM","MATRL 101, MATRL 200A, MATRL 273, MATRL 287A, CHEM 596"
BATISTE S L,"ENGL","ENGL 191, ENGL 176ML, ENGL 109, ENGL 183WP, ENGL 197"
BAYLIS K R,"GEOG","GEOG 5, GEOG 109, GEOG 279, GEOG 210B"
BAYRAKDARIAN,"MUS A, MUS, INT","MUS 20A, INT 84CW, MUS 20C, MUS 20B, MUS 158D"
BEAMAN J M,"SOC","SOC 139RN, SOC 128, SOC 216D"
BEANE M I,"TMP","TMP 432, TMP 241, TMP 291DW"
BECKER M,"MATH","MATH 3B, MATH 6B, MATH 6A, MATH 2B, MATH 108A"
BECKMAN L B,"ART","ART 244, ART 113, ART 196"
BEDARD K L,"ECON","ECON 1, ECON 9, ECON 95, ECON 191D, ECON 199RA"
BEGLEY M R,"ME, MATRL","ME 156B, ME 186B, ME 275, MATRL 207, ME 225MB"
BELDING E M,"CMPSC","CMPSC 176A, CMPSC 196, CMPSC 596"
BELL V R,"MUS A","MUS A 70V, MUS A 170V"
BELLOMI J J,"C LIT, SLAV","C LIT 30B, C LIT 113, C LIT 188, C LIT 101, C LIT 100"
BELMAR VIERNE,"LING","LING 50, LING 149, LING 106"
BELTZ E A,"ART","ART 117, ART 118, ART 18, ART 591A"
BELTZ G,"ME","ME 15, ME 14"
BEN-YAACOV I,"ECE","ECE 5, ECE 132, ECE 188A, ECE 188C, ECE 188B"
BENELLI C A,"ECON","ECON 9, ECON 106, ECON 114A"
BENJAMIN R,"INT, C LIT, ENV S","C LIT 186JJ, C LIT 186SC, C LIT 186PP, C LIT 186WL, INT 185CT"
BENNAHUM D,"THTR, DANCE, DANCEW","DANCEW 36, DANCE 36, DANCE 145W, DANCE 145H, DANCE 145G"
BENNETT T D,"ME","ME 151C, ME 105, ME 220B, ME 125RA"
BENZARTI Y C,"ECON","ECON 1, ECON 10A, ECON 130, ECON 155, ECON 230F"
BERENSTEIN D,"PHYS","PHYS 6AL, PHYS 6CL, PHYS 6BL, PHYS 24, PHYS 110B"
BERGSTROM R E,"HIST","HIST 7, HIST 172B, HIST 172A, HIST 170A, HIST 170B"
BERGSTROM T C,"ECON","ECON 171, ECON 230A"
BERKOWITZ P M,"MUS, MUS A","MUS 31B, MUS 31C, MUS 31X, MUS A 244, MUS 33"
BERMUDEZ S,"SPAN, INT","SPAN 155B, INT 84CL, SPAN 156, INT 84ZD, SPAN 175"
BERNARD M A,"THTR","THTR 140A, THTR 40, THTR 104C, THTR 194A, THTR 151C"
BERNSTEIN E K,"ED","ED 222B, ED 229D"
BERNSTEIN H J,"HIST","HIST 4B, HIST 121D, HIST 121F, HIST 121C, HIST 121R"
BERNT C M,"CHEM","CHEM 1AL, CHEM 1BL, CHEM 1CL, CHEM 1A, CHEM 1B"
BEYELER M,"PSY, CMPSC, ECE","PSY 130, PSY 132, CMPSC 181, ECE 181, CMPSC 281B"
BEYERLEIN I J,"ME, MATRL","ME 154, ME 185, MATRL 185, ME 125IB, ME 225IB"
BIANCHINI J A,"ED, ED S","ED S 321, ED 199, ED 199RA, ED 258J, ED 99"
BIBILASHVILI,"PHYS, INT","PHYS 20, PHYS 21, PHYS 119A, PHYS 25, PHYS 8"
BIGELOW S J,"MATH","MATH 4A, MATH 108A, MATH 145, MATH 8, MATH 232A"
BIMBER B,"POL S","POL S 12, POL S 172, POL S 178, POL S 106DI, POL S 267"
BIRCHENALL J,"ECON","ECON 2, ECON 101, ECON 114B, ECON 204A, ECON 290"
BIRNIR B,"MATH","MATH 4A, MATH 122A, MATH 117, MATH 119A, MATH 124A"
BLACKWELL K S,"ED, ED W","ED W 119, ED 121"
BLAES O M,"PHYS","PHYS 104, PHYS 29, PHYS 102, PHYS 205, PHYS 210B"
BLAKE F D,"ENGL","ENGL 50, ENGL 191, ENGL 165PL, ENGL 134CR, ENGL 134AA"
BLANKHOLM J L,"RG ST","RG ST 35, RG ST 13, RG ST 152, RG ST 201, RG ST 144A"
BLOOM P J,"INT, FAMST","FAMST 150FT, FAMST 119ML, INT 36IA, FAMST 250, FAMST 220"
BLUMENTHAL,"HIST, INT","HIST 118B, HIST 118A, HIST 117C, HIST 130, HIST 9"
BLUMENTHAL D,"ECE","ECE 10B, ECE 10BL, ECE 194U, ECE 227A, ECE 162C"
BLUMENTHAL S,"ART","ART 1C, ART 19, ART 32, ART 185BD, ART 132"
BLURTON H F,"ENGL, INT","ENGL 101, INT 36MM, ENGL 197, INT 84AW, ENGL 101S"
BOBO J,"FEMST","FEMST 40, FEMST 144, FEMST 142, FEMST 143"
BODDY A M,"ANTH","ANTH 171, ANTH 177AB, ANTH 150, ANTH 9, ANTH 203"
BOGART K S,"TMP","TMP 120, TMP 124, TMP 402, TMP 240, TMP 244"
BOHN H,"ECON","ECON 135, ECON 133, ECON 204A"
BOOTH W C,"MUS A, MUS","MUS A 44, MUS 128B, MUS 28B, MUS A 144"
BORIS E C,"FEMST","FEMST 120, FEMST 250AF, FEMST 270, FEMST 195HB, FEMST 195HA"
BORROMEO C,"ITAL","ITAL 1, ITAL 2, ITAL 3, ITAL 4, ITAL 6"
BOSCAGLI M,"ENGL","ENGL 104B, ENGL 122CS, ENGL 122UE, ENGL 184, ENGL 197"
BOSWELL A M,"ARTHI, INT","ARTHI 6H, INT 137RS, ARTHI 130F, ARTHI 130D, ARTHI 254"
BOTHRA S,"RG ST","RG ST 20, RG ST 190NV, RG ST 11A, RG ST 162D, RG ST 11C"
BOULEY B A,"HIST, INT, HIST W","HIST 4B, HIST 121A, HIST 106B, HIST W 121A, HIST W 4B"
BOURNE J E,"MUS, INT","INT 137RS, MUS 160A, MUS 260G, MUS 273, MUS 99"
BOUWMEESTER D,"PHYS","PHYS 2, PHYS 123A, PHYS 250, PHYS 199"
BOWERS J E,"ECE, TMP","TMP 242, ECE 228A"
BOWERS M T,"CHEM","CHEM 113B, CHEM 113C, CHEM 113A, CHEM 596"
BOWMAN I K,"LING","LING 12, LING 3C, LING 10, LING 8"
BRADLEY N D,"WRIT","WRIT 50, WRIT 2E, WRIT 109HP, WRIT 50E, WRIT 159A"
BRADY S R,"ART","ART 7D, ART 122PC, ART 105TD, ART 196"
BRAININ R,"THTR, INT","INT 36TS, THTR 152A, THTR 15A, THTR 151D, THTR 151C"
BRANDT T D,"PHYS","PHYS 21, PHYS 132, PHYS 29, PHYS 240"
BRECHER B H,"MUS A, MUS","MUS 20A, MUS 20C, MUS 20B, MUS A 38, MUS A 238P"
BREMSER C R,"THTR, AS AM, DANCE","THTR 9, DANCE 145G, THTR 5, AS AM 142, THTR 2C"
BRENNER M E,"ED","ED 124, ED 221B, ED 205, ED 199"
BREWER F,"ECE, CMPSC","ECE 153A, ECE 253, ECE 594BB, ECE 224A, CMPSC 153A"
BRIDGES T S,"SOC","SOC 146, SOC 159M, SOC 185G, SOC 245D"
BRIGGS C J,"EEMB, BMSE, EEMB W","EEMB 146, EEMB W 146, EEMB 194BC, EEMB 247, EEMB 595TE"
BRIGHTBILL J,"MATH","MATH 111A, MATH 108A, MATH 8, MATH 111B"
BRITTON C J,"PHIL","PHIL 3, PHIL 1, PHIL 145, PHIL 100B"
BROWN F L,"CHEM, CH E, PHYS","CHEM 112A, PHYS 119B, CHEM 112B, CHEM 112C, PHYS 219"
BROWN KARA,"WRIT, WRIT W, INT","WRIT W 107WC, WRIT 2, WRIT 107WC, WRIT 105C, INT 36BH"
BROWN M,"ANTH","ANTH 153T, ANTH 103, ANTH 123, ANTH 241A, ANTH 241B"
BROWN M S,"ENV S","ENV S 193SI, ENV S 118, ENV S 193CE"
BROWNE N C,"EARTH","EARTH 10, EARTH 4"
BROWNING R,"WRIT","WRIT 2, WRIT 109ED, WRIT 2LK, WRIT 105C, WRIT 109GS"
BRUHN K,"POL S","POL S 6, POL S 147, POL S 594II, POL S 197C, POL S 236"
BRUICE A M,"THTR","THTR 27A, THTR 133B, THTR 25, THTR 125, THTR 194D"
BRUSUTTI A,"FAMST","FAMST 46, FAMST 101B, FAMST 155CN, FAMST 122NI, FAMST 169"
BRYSK A,"GLOBL, POL S","GLOBL 2, GLOBL 120, GLOBL 111, POL S 106GR, GLOBL 220"
BUCHOLTZ M H,"LING","LING 50, LING 227, LING 592, LING 199, LING 194"
BUCKWALTER J,"ECE","ECE 10A, ECE 10AL, ECE 145B, ECE 145C, ECE 218C"
BUEHNER T D,"MS","MS 22, MS 1A, MS 1AB, MS 1C, MS 2AB"
BUENO CACHADI,"MATH","MATH 108C, MATH 132A, MATH 190, MATH 197A"
BULLO F,"ME, ECE","ME 179P, ME 243A, ME 225NN, ECE 230A, ME 269"
BULTAN T,"CMPSC","CMPSC 32, CMPSC 40, CMPSC 189B, CMPSC 267, CMPSC 292G"
BUNTAINE M T,"ESM, POL S","ESM 241, ESM 248, ESM 228, ESM 512, ESM 595MB"
BURATTO S K,"CHEM","CHEM 116AL, CHEM 150, CHEM 113A, CHEM 112B, CHEM 118"
BURKEPILE D E,"EEMB","EEMB 147, EEMB 120, EEMB 242, EEMB 596, EEMB 199"
BUSTO R V,"RG ST, AS AM","RG ST 71, AS AM 71, RG ST 191A, RG ST 190FC, RG ST 110F"
BUTLER A,"CHEM","CHEM 171, CHEM 290, CHEM 596, CHEM 199"
BYL K A,"ME, ECE, PHYS","ECE 130C, ECE 594D, ECE 147B, ECE 183, PHYS 106"
CABEZON J I,"RG ST","RG ST 31, RG ST 257, RG ST 135, RG ST 254A"
CABRANES-GRAN,"THTR, SPAN","THTR 180D, THTR 187PS, THTR 182RN, SPAN 169, SPAN 187A"
CALDWELL S,"FAMST","FAMST 104, FAMST 188A, FAMST 188B, FAMST 108"
CALLISTER J,"ART","ART 100, ART 101, ART 591A, ART 199"
CAMPAGNARI C,"PHYS, INT","PHYS 6CL, PHYS 6AL, PHYS 6BL, PHYS 29, PHYS 115B"
CAMPBELL E W,"LING","LING 109, LING 115, LING 221C, LING 191, LING 595"
CAMPO J E,"RG ST","RG ST 185, RG ST 140D, RG ST 140B, RG ST 140C, RG ST 140F"
CAMPO M,"RG ST","RG ST 10A, RG ST 10B, RG ST 10C, RG ST 10D, RG ST 10E"
CAMSARI K Y,"ECE","ECE 15A, ECE 10B, ECE 594V, ECE 10BL, ECE 194BB"
CANTRELL A M,"JAPAN","JAPAN 3, JAPAN 1, JAPAN 5, JAPAN 4, JAPAN 2"
CAPETTINI E,"CLASS, GREEK","CLASS 109, GREEK 1, CLASS 180A, CLASS 185, GREEK 210"
CARLETON T A,"EDS, ESM","ESM 204, EDS 222"
CARLISLE E W,"ENV S, GEOG","ENV S 149, ENV S 150, ENV S 193EE, ENV S 193AF, ENV S 193TF"
CARLSON C A,"MARSC, EEMB","EEMB 3, EEMB 142B, EEMB 144, EEMB 144L, EEMB 595MS"
CARLSON J A,"ENGL","ENGL 103B, ENGL 170TL, ENGL 179, ENGL 170IC, ENGL 233"
CARLSON J M,"PHYS","PHYS 101, PHYS 100A, PHYS 100B"
CARLSON T A,"RG ST","RG ST 80C, RG ST 200B, RG ST 190TC, RG ST 223, RG ST 594C"
CARLYLE A M,"ED M, ED","ED M 320, ED 128"
CARRILLO M J,"HIST, LAIS","HIST 56, HIST 9, HIST 151C, LAIS 151C, LAIS 156A"
CARTER A V,"PSTAT","PSTAT 122, PSTAT 105, PSTAT 175, PSTAT 207A, PSTAT 207B"
CASE S H,"HIST, FEMST","HIST 159B, HIST 159C, HIST 159R, FEMST 159B, FEMST 159C"
CASILLAS D I,"CH ST, LING","CH ST 1C, LING 187, CH ST 187, CH ST 238, CH ST 199"
CASSELS S L,"GEOG","GEOG 6, GEOG 141A, GEOG 152, GEOG 254, GEOG 288SC"
CASSIDY T C,"MUS","MUS 11, MUS 4A, MUS 4D"
CAST A D,"SOC","SOC 149, SOC 147, SOC 154A, SOC 108"
CASTEELS K L,"MATH","MATH 3A, MATH 108A, MATH 108B, MATH 137A, MATH 117"
CASTELLA-CABE,"MATH","MATH 4A, MATH 111B, MATH 8, MATH 220A, MATH 220C"
CASTILLO J L,"SPAN","SPAN 163, SPAN 130, SPAN 168, SPAN 188, SPAN 111B"
CASTILLO-MUNO,"HIST","HIST 56, HIST 168A, HIST 168B, HIST 136M, HIST 168CR"
CAYLOR K K,"GEOG, ESM","ESM 203, GEOG 136, ESM 401C, ESM 401D, ESM 401A"
CENICEROS H,"MATH, ECE","MATH 3B, MATH 6A, MATH 104B, MATH 122A, MATH 104A"
CENICEROS R C,"SPAN, PORT, SPAN W","SPAN W 2, SPAN 3, SPAN 2, SPAN 1, PORT 16A"
CEREZO A,"CNCSP","CNCSP 102, CNCSP 200, CNCSP 261A"
CHABINYC M L,"CHEM, MATRL","MATRL 280B, MATRL 280A, MATRL 271C, CHEM 596"
CHADA J P,"CH E, CH E W","CH E 152A, CH E 5, CH E 128, CH E 180B, CH E 184A"
CHAJDAS T W,"WRIT, INT, GLOBL","GLOBL 157, INT 93LS, WRIT 2"
CHANDRASEKARA,"ME, MATH, ECE, CMPSC","ECE 210A, ECE 130C, ECE 130B, CMPSC 211A, ECE 130A"
CHANG A Y,"FAMST","FAMST 192DT, FAMST 101D, FAMST 189SW, FAMST 166GG, FAMST 189MM"
CHANG G,"FEMST","FEMST 50, FEMST 30, FEMST 186AP, FEMST 146, FEMST 139"
CHANG SHIYU,"CMPSC","CMPSC 291A, CMPSC 165B, CMPSC 196"
CHARITY-HUDLE,"LING","LING 248, LING 258A, LING 258B, LING 199"
CHARLES M,"SOC","SOC 108, SOC 205B, SOC 294, SOC 205A, SOC 596"
CHARNESS G B,"ECON","ECON 174, ECON 176"
CHATTO U,"HIST, INT","HIST 88, HIST 189M, HIST 9, INT 84CX, HIST 282G"
CHATTOPADHYAY,"ARTHI","ARTHI 5A, ARTHI 136A, ARTHI 136I, ARTHI 186SS, ARTHI 200A"
CHAVEZ W S,"RG ST, MES","RG ST 113, MES 45, RG ST 147, RG ST 90WC"
CHAVEZ-GARCIA,"HIST","HIST 177, HIST 144J, HIST 144F, HIST 194BH, HIST 224A"
CHEN E,"MATH","MATH 4A, MATH 6A, MATH 117"
CHEN H,"MATH","MATH 6A, MATH 4B, MATH 3B, MATH 117, MATH 108B"
CHEN I,"CHEM, BMSE","BMSE 201B, CHEM 259, BMSE 596, CHEM 596, CHEM 199"
CHEN J,"GLOBL","GLOBL 130, GLOBL 174, GLOBL 232A, GLOBL 221"
CHEN S C,"CHIN","CHIN 1, CHIN 2, CHIN 3, CHIN 4, CHIN 6"
CHEN T,"PSTAT","PSTAT 160A, PSTAT 171, PSTAT 170, PSTAT 276, PSTAT 176"
CHENOWETH R C,"WRIT","WRIT 2, WRIT 1, WRIT 105SW, WRIT 109HP, WRIT 50"
CHIKOWERO M,"HIST, BL ST","HIST 49C, HIST 49A, HIST 49B, HIST 148B, HIST 148PL"
CHMELKA B F,"CH E","CH E 140B, CH E 120B, CH E 128, CH E 152A, CH E 216A"
CHO A,"AS AM","AS AM 8, AS AM 118, AS AM 127, AS AM 138, AS AM 171BB"
CHO G,"MATH","MATH 4B, MATH 6A, MATH 6B, MATH 8, MATH 147A"
CHOI E,"KOR","KOR 120, KOR 142, KOR 175, KOR 20, KOR 139"
CHRISTOFFERSE,"MCDB, BMSE","MCDB 1A, MCDB 1LL, MCDB 101B, MCDB 28, MCDB 220C"
CHRISTOPHER P,"CH E","CH E 152A, CH E 180B, CH E 140A, CH E 180A, CH E 240A"
CHU V W,"GEOG W, GEOG","GEOG W 12, GEOG 148, GEOG 115A, GEOG 113, GEOG 115B"
CHUA C S,"GLOBL","GLOBL 2, GLOBL 130, GLOBL 155, GLOBL 197, GLOBL 229"
CLARK J,"EARTH, ENV S, INT","ENV S 147, EARTH 168, ENV S 141, ENV S 168, EARTH 125"
CLARKE K,"GEOG, GEOG W","GEOG W 12, GEOG 183, GEOG 126, GEOG 596"
CLEGG D O,"MCDB, BMSE","MCDB 1A, MCDB 146, MCDB 199, BMSE 596"
CLEMENCON R,"SOC, GLOBL","SOC 134G, GLOBL 161, GLOBL 172, SOC 105E"
CLEMENT R J,"MATRL","MATRL 10, MATRL 245, MATRL 286C, MATRL 286N"
CLITANDRE N T,"GLOBL","GLOBL 104, GLOBL 110, GLOBL 147, GLOBL 148, GLOBL 146"
COBO BETANCOU,"HIST, INT, LAIS","HIST 2B, HIST 8A, HIST 150CL, INT 36DL, LAIS 156A"
COBURN K M,"PSTAT","PSTAT 120A, PSTAT 120B, PSTAT 131, PSTAT 120C, PSTAT 231"
COGGINS B L,"POL S","POL S 7, POL S 141, POL S 225, POL S 594CW"
COHEN B J,"POL S, GLOBL","POL S 186, POL S 106MO, GLOBL 123, POL S 270, POL S 273"
COKLIN L,"WRIT","WRIT 107G, WRIT 107B, WRIT 153A, WRIT 105C, WRIT 131A"
COLAHAN N,"DANCE","DANCE 56D, DANCE 56B, DANCE 56A, DANCE 156B, DANCE 156A"
COLLINS N L,"PSY","PSY 221C, PSY 221A, PSY 199, PSY 99"
CONLEY S,"ED","ED 145, ED 250A, ED 242A, ED 247A"
CONRAD P T,"CMPSC, CMPSCW","CMPSC 16, CMPSCW 8, CMPSC 56, CMPSC 48, CMPSC 156"
CONROY-BEAM D,"PSY","PSY 143, PSY 10B, PSY 90B, PSY 90A, PSY 90C"
CONSOLI A J,"CNCSP","CNCSP 110, CNCSP 197, CNCSP 261, CNCSP 290, CNCSP 260A"
COOK E H,"ENGL, C LIT","ENGL 102, ENGL 128EN, ENGL 197, ENGL 102S, ENGL 199RA"
COOK J N,"ENGL, WRIT","ENGL 50, WRIT 2, ENGL 10"
COOLEY T,"MUS","MUS 175L, MUS 176, MUS 225, MUS 192B, MUS 192A"
COOPER D,"MATH","MATH 34A, MATH 34B, MATH 227C, MATH 221B, MATH 221A"
CORONA K D,"LING, LING W","LING 3C, LING W 3C, LING 12, LING W 12, LING 3B"
CORREA DE SA,"PORT, C LIT","C LIT 30C, PORT 125A, PORT 116, PORT 125B, PORT 105"
CORTIJO A,"SPAN, INT","INT 84BJ, INT 84ZY, SPAN 30, SPAN 140A, SPAN 119A"
COSMIDES L,"PSY","PSY 155, PSY 142, PSY 594LC, PSY 254, PSY 199"
COSTELLO C J,"ESM, ECON","ESM 204, ECON 260D, ESM 401D, ESM 401C, ESM 401A"
COTICH C,"WRIT","WRIT 151A, WRIT 151B, WRIT 105G, WRIT 1, WRIT 105PS"
COTTER E E,"ESM","ESM 230, ESM 256A, ESM 231, ESM 402A, ESM 256B"
COTTLE J,"EARTH","EARTH 157, EARTH 177, EARTH 124G, EARTH 270JC, EARTH 224G"
COVO M,"HIST","HIST 4C, HIST 127F, HIST 127A, HIST 193C, HIST 123R"
CRAIG K C,"MATH","MATH 6B, MATH 117, MATH 201A, MATH 260J, MATH 260L"
CRAIG N J,"PHYS","PHYS 115B, PHYS 115C, PHYS 229A, PHYS 221C, PHYS 229B"
CRAVEIRO DE M,"PORT, SPAN W, SPAN","SPAN 1, SPAN 2, PORT 129B, SPAN 3, SPAN W 1"
CRAWSHAW A S,"INT, MAT","INT 80TH, INT 80AS, MAT 80AS, MAT 80EM, MAT 80XU"
CREMERS M H,"ENV S","ENV S 184, ENV S 185"
CRICKETTE M E,"ITAL","ITAL 2, ITAL 3, ITAL 1, ITAL 1HY, ITAL 4"
CSER A J,"GER","GER 1, GER 2, GER 107A, GER 4, GER 3"
D'ANCA C,"WRIT, C LIT","WRIT 2, C LIT 30A"
D'ANTONIO C M,"ENV S, EEMB","ENV S 128, EEMB 128, ENV S 193FE, EEMB 595D, EEMB 194D"
DAGLI N,"ECE","ECE 144, ECE 135, ECE 201A"
DAHL SARNELLI,"ITAL","ITAL 2, ITAL 1, ITAL 3, ITAL 1HY, ITAL 4"
DAI X Z,"MATH","MATH 147A, MATH 108B, MATH 8, MATH 260EE, MATH 240A"
DALY S H,"ME","ME 14, ME 125FA, ME 166"
DAMLUJI M N,"INT, FAMST","FAMST 96, FAMST 166CC, FAMST 187IS, FAMST 187OC, INT 594EJ"
DANIEL R,"SOC","SOC 185D, SOC 139C, SOC 139A, SOC 139RN, SOC 214A"
DASGUPTA D,"FEMST","FEMST 20, FEMST 162, FEMST 151AA, FEMST 163, FEMST 250AI"
DAVIS F W,"ESM","ESM 215, ESM 296, ESM 401B, ESM 401D, ESM 401C"
DAVISON R J,"ANTH","ANTH 5, ANTH 7, ANTH 145, ANTH 9"
DE BRITO E SO,"PORT","PORT 130B, PORT 125A, PORT 129B, PORT 115A, PORT 114"
DE CARVALHO L,"GEOG","GEOG 110, GEOG 131, GEOG 280, GEOG 276, GEOG 288LC"
DE CHAISEMART,"ECON","ECON 140A, ECON 241C, ECON 245F, ECON 245G"
DE JONG M T,"EARTH, ENV S","EARTH 4, EARTH 2, EARTH 194GC, EARTH 125, ENV S 113"
DE SIMONE T,"ITAL","ITAL 1, ITAL 2, ITAL 3, ITAL 2HY, ITAL 6"
DE TOMASO A W,"MCDB","MCDB 133, MCDB 225, MCDB 133H, MCDB 221, MCDB 224"
DEAN C W,"WRIT","WRIT 109ED, WRIT 1, WRIT 105M, WRIT 50, WRIT 105CW"
DELCHEVA M P,"SLAV, C LIT, GER","C LIT 100, SLAV 130C, SLAV 130A, SLAV 151C, C LIT 161"
DELOMBARD J M,"ENGL, RG ST","ENGL 103A, ENGL 37, RG ST 37, ENGL 131, ENGL 131BR"
DENBAARS S P,"MATRL, ECE","MATRL 227, ECE 162B"
DERWIN S,"INT","INT 185ST, INT 594CC, INT 201HT, INT 185VW, INT 594ST"
DESCHENES O,"ECON, ESM, EDS","ECON 10A, ECON 140B, EDS 241, ESM 246, ECON 260H"
DESHMUKH R A,"ENV S, ESM","ENV S 115, ENV S 105, ESM 293, ENV S 199RA"
DETERING N,"PSTAT","PSTAT 160A, PSTAT 213A, PSTAT 210, PSTAT 223C"
DEVRIES M S,"CHEM","CHEM 150, CHEM 123, CHEM 118, CHEM 196, CHEM 596"
DEVRIES T J,"MARSC, GEOG","GEOG 3, GEOG 163, GEOG 166, GEOG 210A, GEOG 271"
DEWAR T J,"ED E, ED","ED 258J, ED E 321"
DEY S S,"CH E, BIOE","CH E 107, CH E 120A, CH E 120C, CH E 154, BIOE 220A"
DIAZ-SANCHEZ,"CH ST","CH ST 1B, CH ST 148, CH ST 188C, CH ST 156, CH ST 200B"
DIGESER E D,"HIST","HIST 2A, HIST 4A, HIST 114A, HIST 112E, HIST 9"
DIGESER P,"POL S","POL S 119JW, POL S 119HR, POL S 119DJ, POL S 241, POL S 199"
DING Q,"GEOG","GEOG 3, GEOG 119, GEOG 210C, GEOG 249, GEOG 266"
DING YUFEI,"CMPSC","CMPSC 160, CMPSC 293S, CMPSC 596"
DJOUINI I,"ART","ART 185PR, ART 14, ART 110, ART 111PP, ART 245"
DODGE S,"GEOG, GEOG W","GEOG W 12, GEOG 176A, GEOG 176C, GEOG 288SD, GEOG 195SD"
DOGIC Z,"PHYS, BMSE","PHYS 3, PHYS 6CL, PHYS 6BL, BMSE 224, PHYS 199"
DOHERTY M F,"CH E","CH E 184B, CH E 184A, CH E 210A, CH E 230C"
DOIRON F D,"FEMST","FEMST 20, FEMST 121, FEMST 182, FEMST 260"
DONELAN J H,"WRIT, INT, ENGL","ENGL 102, ENGL 179, WRIT 2, WRIT 107L, WRIT 109V"
DONG X,"PHYS","PHYS 115A, PHYS 131, PHYS 230B"
DONNELLY B,"ENGL","ENGL 10, ENGL 192SF, ENGL 192DF, ENGL 103B, ENGL 165PP"
DOUGLASS J H,"ENGL, INT","ENGL 147AB, ENGL 146GB, ENGL 147VN, ENGL 149, INT 36GS"
DOWDY K L,"EEMB, ENV S","ENV S 15A, ENV S 15B, ENV S 15BL, ENV S 101, EEMB 171"
DOYLE A M,"MCDB, ENGR, ME","ME 15, ENGR 220A, MCDB 596, MCDB 199"
DRESSAIRE E M,"ME","ME 152A, ME 125ED, ME 221, ME 199"
DRISKEL D B,"FAMST, FAMSTW","FAMSTW 151FA, FAMST 187AR, FAMST 199"
DU BOIS J W,"LING","LING 135, LING 170, LING 124, LING 199, LING 214"
DUFFY A E,"INT, ENGL","ENGL 150, ENGL 124, ENGL 193, ENGL 104B, ENGL 187ML"
DUNBAR N E,"COMM W, COMM","COMM 107, COMM W 146, COMM W 107, COMM 199RA"
DUNCAN I,"PSTAT","PSTAT 172A, PSTAT 171, PSTAT 172B, PSTAT 296B, PSTAT 296A"
DUNCAN J E,"PSTAT","PSTAT 183, PSTAT 296B, PSTAT 296A"
DUNN F M,"GREEK, C LIT, CLASS","CLASS 40, CLASS 60, C LIT 30A, CLASS 175, GREEK 2"
DUOER D,"RG ST, JAPAN","RG ST 73, JAPAN 73, RG ST 21, RG ST 190DM"
DUQUE J D,"ED, ED W","ED W 125, ED 123, ED 125, ED 150, ED 263"
DURAN R P,"ED","ED 124, ED 210A, ED 197, ED 199, ED 99"
DUTSCH D,"LATIN, CLASS, GREEK, INT","CLASS 106, LATIN 1, INT 84AM, LATIN 214, GREEK 102"
EARDLEY D M,"PHYS","PHYS 110B, PHYS 24, PHYS 210A, PHYS 210B, PHYS 205"
EBENSTEIN A O,"ECON","ECON 107A, ECON 112A, ECON 113B, ECON 107B"
EBRAHIM E,"MATH","MATH 4B, MATH 118A, MATH 118B, MATH 122A, MATH 8"
ECKSTEIN M P,"PSY","PSY 130, PSY 129L, PSY 199, PSY 228, PSY 594ME"
EDGAR A L,"HIST","HIST 4C, HIST 135C, HIST 123C, HIST 135B, HIST 123Q"
EILON Z C,"EARTH","EARTH 2, EARTH 175, EARTH 194ML, EARTH 133, EARTH 256"
EK A A,"WRIT","WRIT 2, WRIT 107B, WRIT 107EP"
EL ABBADI A,"CMPSC","CMPSC 171, CMPSC 138, CMPSC 130A, CMPSC 271, CMPSC 192"
EL OMARI R M,"RG ST","RG ST 144, RG ST 84, RG ST 149R, RG ST 10F, RG ST 149H"
ELIASON PARSO,"EEMB","EEMB 106, EEMB 157B, EEMB 508, EEMB 595EP, EEMB 596"
ELISON W N,"RG ST, INT, HIST, ANTH","RG ST 28, HIST 28, RG ST 16, RG ST 162G, INT 36CC"
ELIZONDO E S,"PHIL","PHIL 100A, PHIL 150A, PHIL 138, PHIL 141, PHIL 166A"
ELLIOTT G,"LING","LING 3B, LING 3C, LING 12, LING 14"
ENDERS J,"FR, C LIT, WRIT, ENGL","WRIT 18, ENGL 18, FR 154J, FR 153B, FR 162A"
ENGEL E A,"LAIS","LAIS 10, LAIS 102"
ERICKSON B L,"CLASS, INT, LATIN","CLASS 40, CLASS 170, CLASS 50, CLASS 165, CLASS 155"
ERNST B C,"WRIT, WRIT W","WRIT 1, WRIT 2, WRIT 107B, WRIT 105R, WRIT 105CD"
ESPONDA I,"ECON","ECON 171, ECON 156, ECON 210A, ECON 215G, ECON 199"
EVANS M M,"RG ST, CLASS","CLASS 40, RG ST 128A, RG ST 116A, RG ST 127A"
EVELYN C J,"EEMB","EEMB 113, EEMB 131, EEMB 113L"
EVEN T J,"EEMB W, EEMB","EEMB 2, EEMB 2LL, EEMB 142A, EEMB 148, EEMB W 22"
EYELADE O D,"GEOG","GEOG 4, GEOG 3"
EYSTER E,"ECON","ECON 134A, ECON 134C, ECON 290, ECON 215H, ECON 215B"
EZKERRA VEGAS,"SPAN, C LIT","SPAN 153, SPAN 153E, SPAN 154A, SPAN 183IA, SPAN 183E"
FALASCA S,"SOC","SOC 118CW, SOC 185F, SOC 218CP, SOC 218C"
FALVEY K T,"PHIL","PHIL 100E, PHIL 100B, PHIL 149, PHIL 100D, PHIL 150D"
FANCHER P J,"WRIT","WRIT 109ST, WRIT 105M, WRIT 105R, WRIT 109GS, WRIT 2"
FANG C,"COMM","COMM 137, COMM 1, COMM 122, COMM 131"
FEDDERS A,"ED, CNCSP","ED 363, CNCSP 256, ED 228D, ED 228J, ED 264C"
FEINSTEIN S C,"MCDB","MCDB 1A, MCDB 1LL, MCDB 153, MCDB 153H, MCDB 596"
FEIZMOHAMMADP,"RG ST","RG ST 157CP, RG ST 157I, RG ST 157G, RG ST 157PP, RG ST 58B"
FELANDO C L,"FAMST","FAMST 101A, FAMST 155NH, FAMST 101E, FAMST 56ZM, FAMST 96"
FELBER J,"MUS A, MUS","MUS 27C, MUS A 43, MUS A 143, MUS A 44, MUS 127C"
FELDMAN J E,"TMP","TMP 120, TMP 491P"
FELDMAN R,"PSTAT","PSTAT 174, PSTAT 213A, PSTAT 213B, PSTAT 213C, PSTAT 274"
FELDWINN D L,"CHEM, ED, ENV S","CHEM 1A, CHEM 1B, CHEM 1BL, CHEM 1C, ED 129"
FELIX E D,"CNCSP","CNCSP 114, CNCSP 197, CNCSP 291C, CNCSP 262C, CNCSP 199RA"
FENG YU,"CMPSC","CMPSC 160, CMPSC 162, CMPSC 292C, CMPSC 190I, CMPSC 596"
FERNANDEZ P A,"PHIL","PHIL 100A, PHIL 141, PHIL 147, PHIL 176, PHIL 247"
FESTA E,"ITAL, FR, C LIT","C LIT 30C, FR 154G, ITAL 20X, ITAL 3, ITAL 2"
FIELDS K,"ME","ME 12S, ME 12, ME 125KF, ME 197"
FIGUEREDO O O,"SPAN","SPAN 30, SPAN 1, SPAN 5, SPAN 2, SPAN 6"
FINKELSTEIN R,"MCDB","MCDB 1LL, MCDB 1B, MCDB 118, MCDB 225, MCDB 224"
FINNEY S,"THTR","THTR 140A, THTR 152A, THTR 15A, THTR 151C, THTR 15C"
FIORINA C P,"ITAL","ITAL 1, ITAL 6, ITAL 2, ITAL 2HY, ITAL 1HY"
FISHELL J K,"THTR","THTR 5, THTR 151B, THTR 15B, THTR 15A, THTR 151A"
FISHER M P,"PHYS","PHYS 215A, PHYS 219, PHYS 215B, PHYS 217A, PHYS 199"
FITCH R L,"ENV S, EEMB","EEMB 128, ENV S 128"
FLANAGIN A J,"COMM","COMM 118, COMM 116, COMM 214, COMM 199RA"
FLATLEY D J,"MAT","MAT 80TH, MAT 80AS, MAT 80EM, MAT 80VR, MAT 110CF"
FLEMING W,"C LIT, JAPAN, EACS","EACS 4A, JAPAN 17, JAPAN 136, JAPAN 145, JAPAN 181"
FOGU C,"ITAL, INT","ITAL 179X, ITAL 180X, ITAL 20X, ITAL 180Z, ITAL 124X"
FOLTZ K R,"MCDB","MCDB 135, MCDB 260, MCDB 112L, MCDB 135H, MCDB 220A"
FONTAINE S A,"POL S","POL S 153, POL S 157, POL S 152"
FORAN J F,"SOC, ENV S, INT","SOC 134EC, SOC 134A, ENV S 130EV, SOC 130EV, SOC 130SD"
FORD K C,"PSY","PSY 102, PSY 149, PSY 120L"
FORD P C,"CHEM","CHEM 173B, CHEM 279, CHEM 272, CHEM 176, CHEM 276"
FOUQUE J-P,"PSTAT","PSTAT 160B, PSTAT 262FM, PSTAT 223C, PSTAT 223B"
FRANK D M,"WRIT, WRIT W","WRIT 107T, WRIT 105M, WRIT 2E, WRIT 2, WRIT 50"
FRANKS A,"PSTAT, CMPSC","PSTAT 115, PSTAT 195, PSTAT 197B, PSTAT 197C, CMPSC 190DE"
FRECH H E,"ECON, TMP","TMP 422, ECON 116A, ECON 117A, ECON 230I, ECON 199"
FREDRICKSON G,"CH E","CH E 210A, CH E 230B, CH E 210B, CH E 132A"
FREEMAN L A,"POL S","POL S 6, POL S 135, POL S 173, POL S 106EA, POL S 196"
FREUND E G,"PHYS","PHYS 6B, PHYS 6A, PHYS 6C"
FREW J E,"ESM, EDS","ESM 263, EDS 223, ESM 267, ESM 261, ESM 401C"
FRIDLUND A J,"PSY","PSY 1, PSY 183"
FROEHLICH H E,"EEMB, ENV S","ENV S 130C, EEMB 142C, EEMB 130C, EEMB 142CL"
FRUHSTUCK S,"EACS, JAPAN, HIST, ANTH","EACS 4B, ANTH 176, JAPAN 162, EACS 166, HIST 188S"
FUJINO D C,"AS AM","AS AM 9, AS AM 109, AS AM 107, AS AM 163, AS AM 596"
FULBECK L K,"ART","ART 7A, ART 136, ART 137, ART 194, ART 260"
FULKERSON S D,"ECON","ECON 3B, ECON 136A, ECON 132A, ECON 118"
FUMERTON M P,"ENGL","ENGL 105A, ENGL 195I, ENGL 238, ENGL 105AS, ENGL 199RA"
FYGENSON D K,"PHYS, BMSE","PHYS 3L, PHYS 20AL, PHYS 4L, PHYS 20BL, PHYS 20CL"
GABLE S,"PSY","PSY 1, PSY 102, PSY 149, PSY 199"
GABRIEL V,"GER","GER 1, GER 3, GER 2, GER 5, GER 4"
GABRIELE G F,"TMP","TMP 124"
GAINER M J,"CHEM, INT","CHEM 6AL, CHEM 109A, CHEM 6BL, CHEM 109C, CHEM 109B"
GAINES S,"MARSC, ESM","ESM 296, ESM 596, ESM 401C, ESM 401A, ESM 401D"
GALLUCCI R,"INT, CLASS","INT 95A, CLASS 40, CLASS 20B, CLASS 36, CLASS 20A"
GANS P B,"EARTH","EARTH 103, EARTH 186, EARTH 158, EARTH 185, EARTH 596"
GANTI N K,"GEOG","GEOG 172, GEOG 137, GEOG 210B, GEOG 288VG"
GARCIA DAHAN,"THTR","THTR 2C, THTR 188S, THTR 250C, THTR 210A"
GARCIA K,"ART","ART 7C, ART 12, ART 105PP, ART 117, ART 18"
GARCIA M T,"CH ST","CH ST 1A, CH ST 168E, CH ST 168B, CH ST 168I, CH ST 200A"
GARCIA S,"CH ST","CH ST 189, CH ST 110, CH ST 191MG, CH ST 210, CH ST 199RA"
GARCIA-CERVER,"MATH","MATH 4B, MATH 3B, MATH 118A, MATH 118B, MATH 117"
GARCIA-MARTIN,"CH ST","CH ST 1C, CH ST 146, CH ST 180, CH ST 174A, CH ST 182"
GARDNER B M,"MCDB","MCDB 108A, MCDB 260"
GARDNER C,"C LIT, ART","ART 126, ART 130, C LIT 192A, ART 244, C LIT 101"
GARDNER H K,"ENV S","ENV S 15A, ENV S 15B, ENV S 15BL, ENV S 120A, ENV S 147"
GARFIELD P M,"MATH","MATH 4A, MATH 34B, MATH 34A, MATH 4B, MATH 6A"
GARFINKLE C G,"ARTHI","ARTHI 6C, ARTHI 121A, ARTHI 121B, ARTHI 121E, ARTHI 117F"
GARR W R,"RG ST","RG ST 115A, RG ST 129, RG ST 115G, RG ST 17A"
GARRATT R J,"ECON","ECON 1, ECON 135, ECON 177, ECON 290, ECON 215E"
GAULIN S J,"ANTH","ANTH 5, ANTH 151T, ANTH 244, ANTH 199RA, ANTH 596"
GAZZANIGA M,"PSY","PSY 594GZ, PSY 591GZ"
GELLER R M,"PHYS, ASTRO, ASTROW","PHYS 6A, PHYS 6C, PHYS 6B, ASTRO 1, PHYS 1"
GENOVA G L,"WRIT","WRIT 107L, WRIT 157A, WRIT 107B, WRIT 105PS, WRIT 162"
GERMAN T C M,"PSY, INT, PSY W","PSY 1, PSY W 1, PSY 145, PSY 160TG, INT 200A"
GEYER R,"ESM","ESM 273, ESM 288, ESM 282, ESM 514, ESM 401A"
GHOSH B,"GLOBL, ENGL","ENGL 10, GLOBL 1, GLOBL 157, ENGL 147GM, ENGL 10S"
GIANOLA D S,"MATRL, ME","MATRL 100B, MATRL 200S, MATRL 209C, MATRL 220, MATRL 289E"
GIBBS J L,"COMM","COMM 183, COMM 136, COMM 181A, COMM 180, COMM 280"
GIBOU F G,"CMPSC, ME","CMPSC 111, ME 17, CMPSC 596"
GIBSON J D,"ECE, CMPSC","ECE 205, ECE 158, CMPSC 225, ECE 258, ECE 146B"
GIBSON S E,"MUS, MUS A","MUS 106C, MUS 106A, MUS A 240, MUS A 140, MUS A 40"
GIDDING A D,"ANTH, ARTHI","ANTH 197BA, ANTH 118TS, ANTH 197GI, ANTH 197DB, ARTHI 293D"
GIDDINGS S B,"PHYS","PHYS 131, PHYS 215A, PHYS 221B, PHYS 221A, PHYS 221C"
GIESBRECHT B,"PSY","PSY 163BG, PSY 118L, PSY 233, PSY 594BG, PSY 234"
GILBERT J R,"CMPSC","CMPSC 111, CMPSC 292F, CMPSC 192, CMPSC 196"
GILMORE T B,"ENGL, ENV S","ENGL 10, ENGL 103B, ENGL 102, ENGL 122NE, ENGL 122UM"
GLOVER Y H,"ART","ART 10, ART 100, ART 101"
GOARD M,"PSY, MCDB","MCDB 151, PSY 163MG, PSY 161, PSY 594SC, PSY 591MG"
GODDARD T U,"JAPAN","JAPAN 112, JAPAN 159, JAPAN 115, JAPAN 180ET, JAPAN 144"
GONZALES A L,"COMM","COMM 88, COMM 101, COMM 184, COMM 186, COMM 160DD"
GONZALES-SMIT,"SPAN, LAIS","SPAN 30, SPAN 16A, SPAN 16B, SPAN 174, SPAN 145"
GONZALEZ NINO,"MCDB","MCDB 1B, MCDB 1A, MCDB 101A, MCDB 92, MCDB 194D"
GOODEARL K,"MATH","MATH 4A, MATH 111A, MATH 117, MATH 108B, MATH 236A"
GOODWIN J W,"CNCSP","CNCSP 101, CNCSP 110, CNCSP 216, CNCSP 256, CNCSP 257B"
GOPALAN G,"PSTAT","PSTAT 120B, PSTAT 120C, PSTAT 174, PSTAT 131, PSTAT 231"
GORDON M J,"CHEM, CH E","CH E 110A, CH E 10, CH E 180B, CH E 166, CH E 266"
GORDON M K,"LING","LING 107, LING 146, LING 115, LING 106, LING 242"
GOULIAS K,"GEOG","GEOG 111C, GEOG 111A, GEOG 111B, GEOG 211A, GEOG 596"
GRASSET MOREL,"SPAN","SPAN 126, SPAN 149, SPAN 152, SPAN 143, SPAN 110C"
GRAVES G R,"ENV S, HIST","ENV S 176A, ENV S 173, HIST 177, HIST 173T"
GRAY J L,"THTR, AS AM","THTR 184AA, THTR 9, THTR 5, AS AM 142, AS AM 79"
GRAY S M,"ENV S, FAMST","ENV S 155, ENV S 183, ENV S 193CR, ENV S 182, ENV S 102"
GREENE B L,"CHEM, BMSE","CHEM 142A, CHEM 110L, CHEM 142B, BMSE 210, CHEM 259"
GRIBBLE J W,"ED","ED 324"
GRIES S T,"LING","LING 104, LING 105, LING 204, LING 120, LING 218"
GRIFFIN A R,"ENGL","ENGL 10, ENGL 10S, ENGL 231"
GRIFFITH B J,"HIST","HIST 193F, HIST 123B, HIST 201DH"
GRIPPO J R,"MUS","MUS 122O, MUS 22O"
GROSS S L,"MUS A, MUS","MUS 28A, MUS A 45H, MUS A 145, MUS A 145H, MUS A 44"
GROVER S R,"ECON","ECON 137A, ECON 136A, ECON 194DG"
GRUE M N,"WRIT, WRIT W, INT","WRIT 1, WRIT 109GS, WRIT 2, WRIT 105M, WRIT W 109ST"
GU M,"PSTAT","PSTAT 120C, PSTAT 220C, PSTAT 262UQ, PSTAT 262DS, PSTAT 237"
GUAN D,"CHIN","CHIN 1, CHIN 3, CHIN 2, CHIN 125, CHIN 1NH"
GUPTA A,"CMPSC","CMPSC 176C, CMPSC 176B, CMPSC 293N, CMPSC 196, CMPSC 596"
GUPTA T,"CMPSC","CMPSC 170, CMPSC 178, CMPSC 293G"
GURUSWAMY S,"PHYS","PHYS 23, PHYS 101, PHYS 100A, PHYS 98, PHYS 180"
GURVEN M D,"ANTH","ANTH 129MG, ANTH 161, ANTH 169, ANTH 199RA, ANTH 205"
GUTIERREZ-MAG,"FEMST, CH ST","FEMST 50, CH ST 151, CH ST 1C, CH ST 181, CH ST 143"
GUYTON ACOSTA,"SPAN, SPAN W, PORT, ENGL","SPAN W 2, SPAN 3, SPAN 16A, SPAN 139, SPAN W 1"
HABER B W,"ENGL","ENGL 193, ENGL 122ME, ENGL 10, ENGL 193S"
HAI Y,"CHEM","CHEM 142A, CHEM 112L, CHEM 293, CHEM 259, CHEM 181"
HAJDA J M,"PSY, FAMST, MUS","PSY 131, MUS 160F, FAMST 184"
HAJJAR L,"SOC, INT","SOC 1, SOC 173R, INT 84AZ, SOC 239, SOC 1H"
HAJOUJI N,"MATH","MATH 34B, MATH 6B, MATH 34A, MATH 6A, MATH 4A"
HALMRAST D M,"MATH","MATH 4B, MATH 6B, MATH 6A"
HAMED-TROYANS,"GLOBL","GLOBL 1, GLOBL 110, GLOBL 112, GLOBL 197, GLOBL 292IB"
HAMILTON K A,"COMM","COMM 166, COMM 87, COMM 160DM, COMM 204A"
HAMILTON N C,"RG ST","RG ST 156CC, RG ST 156CI"
HAMMER L M,"WRIT","WRIT 1, WRIT 2, WRIT 109SS, WRIT 109HU, WRIT 109CS"
HAN SONGI,"CHEM, BMSE, CH E","CHEM 112A, CH E 110B, CHEM 112C, CH E 594, CHEM 219"
HANSEN G S,"TMP","TMP 412, TMP 240, TMP 491P"
HANSER M F,"PHIL","PHIL 100A, PHIL 144, PHIL 131, PHIL 296A, PHIL 231G"
HANSON J L,"WRIT","WRIT 2, WRIT 105PS, WRIT 107G"
HARDEKOPF B C,"CMPSC","CMPSC 138, CMPSC 32, CMPSC 160, CMPSC 40, CMPSC 293C"
HARDESTY MOOR,"ENV S, EEMB","EEMB 133, ENV S 133"
HARLOW D B,"ED, ED S","ED S 320, ED 256, ED 221H, ED 253D, ED 199RA"
HARMON C J,"ECON","ECON 139, ECON 136B, ECON 136A, ECON 136C, ECON 3A"
HARRIS D R,"WRIT","WRIT 109V, WRIT 109HP, WRIT 109F, WRIT 155B, WRIT 161"
HARRIS-MOORE,"WRIT, INT","WRIT 2, WRIT 109HP, WRIT 105R, WRIT 109F, WRIT 109V"
HARTER J W,"MATRL","MATRL 100A, MATRL 200B, MATRL 286J, MATRL 286F, MATRL 242"
HARTHORN B H,"ANTH","ANTH 157L, ANTH 138, ANTH 240B, ANTH 250BH"
HARTMAN J L,"ECON, PSTAT","ECON 10A, ECON 134A, ECON 5, PSTAT 109"
HARUTYUNYAN D,"MATH","MATH 122A, MATH 108B, MATH 8, MATH 201A, MATH 201B"
HARVEY V A,"ED","ED 263, ED 323F, ED 264, ED 268, ED 265A"
HASHIMOTO K,"JAPAN","JAPAN 1, JAPAN 2, JAPAN 3"
HATCHER K L,"ESS","ESS 140, ESS 132, ESS 160"
HAUGHTON C N,"COMM","COMM 151, COMM 88, COMM 148, COMM 160PF"
HAWKER C J,"MATRL, CHEM","MATRL 281, MATRL 271A, CHEM 271A, CHEM 596"
HAWKES E W,"ME","ME 153, ME 125EH, ME 225EH"
HAYDEN N,"ART","ART 117, ART 18"
HAYES C S,"MCDB, BMSE","MCDB 131, MCDB 131L, MCDB 230, MCDB 218A, MCDB 194BG"
HAYNES R M,"DANCE","DANCE 43B, DANCE 43C, DANCE 143A, DANCE 82JZ, DANCE 182JZ"
HAYTON T W,"CHEM","CHEM 116CL, CHEM 173A, CHEM 186, CHEM 290, CHEM 286"
HE J,"PSTAT","PSTAT 120B, PSTAT 130"
HEBDIGE R W,"ART, FAMST","FAMST 187FB, FAMST 250, ART 244, ART 591A, ART 199RA"
HECHT R,"RG ST, C LIT","RG ST 113, RG ST 131F, RG ST 130, RG ST 131H, RG ST 131D"
HEGARTY M,"PSY","PSY 108, PSY 160MH, PSY 117L, PSY 594MH, PSY 199"
HEILMAYR R F,"ESM, ENV S","ENV S 30, ENV S 154, ESM 595RH, ENV S 196, ESM 596"
HELGESON M E,"CH E","CH E 180B, CH E 120B, CH E 180A, CH E 120A, CH E 121"
HELLIER-TINOC,"MUS, THTR","MUS 3A, MUS 3B, MUS 168G, MUS 175K, MUS 168P"
HENDERSON J G,"HIST","HIST 2C, HIST 141C, HIST 101G, HIST 124C, HIST 9"
HERNANDEZ E D,"CH ST, CH STW","CH STW 1B, CH ST 184A, CH ST 1B, CH ST 154, CH ST 183"
HERRERA D J,"THTR","THTR 195, THTR 195P, THTR 95"
HESPANHA J P,"ECE, ME","ECE 5, ECE 270, ME 243A, ECE 230A, ECE 147C"
HEY M V,"TMP","TMP 120, TMP 122, TMP 491P"
HILLIS G A,"RG ST, EACS","RG ST 21, RG ST 4, EACS 21, RG ST 1, EACS 5"
HILTNER K C,"INT, ENGL, ENV S","ENGL 22, ENGL 23, ENGL 24, ENGL 122CM, INT 84BZ"
HIRSCH S A,"WRIT","WRIT 1, WRIT 2, WRIT 107M, WRIT 107J, WRIT 109V"
HOBBS-MORGAN,"POL S","POL S 1, POL S 110ET, POL S 189, POL S 114, POL S 110DT"
HODGES H E,"ESM","ESM 269, ESM 440, ESM 442"
HODGES S A,"EEMB","EEMB 3, EEMB 595EV, EEMB 194PE, EEMB 199, EEMB 197"
HOELLE J A,"ENV S, ANTH","ANTH 2, ANTH 152, ENV S 151, ANTH 152A, ANTH 174"
HOFMANN G E,"EEMB","EEMB 3, EEMB 155CC, EEMB 92, EEMB 165, EEMB 596"
HOFMANN M J,"GER","GER 1, GER 8C, GER 114, GER 2, GER 101A"
HOLBROOK S J,"EEMB, ENV S","EEMB 120, EEMB 152, ENV S 152, EEMB 595RR, EEMB 595P"
HOLCOMB S J,"FAMST","FAMST 115"
HOLDEN P A,"ESM","ESM 202, ESM 214, ESM 219L, ESM 219, ESM 293"
HOLDEN T A,"PHIL","PHIL 20C, PHIL 165, PHIL 164, PHIL 176, PHIL 167"
HOLDREGE B A,"RG ST","RG ST 19, RG ST 158C, RG ST 206D, RG ST 145, RG ST 165"
HOLDREN N R,"ED","ED 229D, ED 228A"
HOLLERER T,"MAT, CMPSC","CMPSC 48, CMPSC 184, CMPSC 148, CMPSC 189A, CMPSC 291I"
HOLMAN A C,"THTR","THTR 182RN, THTR 182A, THTR 5, THTR 185ST"
HOLMES D E,"PSTAT","PSTAT 10, PSTAT 140, PSTAT 8, PSTAT 190, PSTAT 194"
HOLT J,"FAMST","FAMST 70, FAMST 101E, FAMST 187FM, FAMST 231"
HOLTON J D,"MUS","MUS 17, MUS 114"
HOM S M,"ITAL","ITAL 120X, ITAL 139FX, ITAL 139ZX, ITAL 139CX, ITAL 139YY"
HOROWITZ E J,"PSY","PSY 106, PSY 105, PSY 10B, PSY 120L"
HOROWITZ G,"PHYS","PHYS 210A, PHYS 231A, PHYS 231B, PHYS 231C"
HORST A M,"ESM, EDS","ESM 206, ESM 244, EDS 411B, EDS 411A, ESM 438"
HOU L Y,"LING, INT","LING 137, LING 138, LING 129, LING 237, LING 594"
HOUGH K C,"ENGR","ENGR 101"
HSU C-C,"CHIN","CHIN 4, CHIN 5, CHIN 6, CHIN 1NH, CHIN 2NH"
HSU S J,"PSTAT","PSTAT 126, PSTAT 120B, PSTAT 122, PSTAT 220C"
HU R,"PSTAT, MATH","PSTAT 171, MATH 104A, MATH 260HH, MATH 260AA, PSTAT 223A"
HUANG YU,"ENGL","ENGL 104A, ENGL 133TL, ENGL 134AA, ENGL 197, ENGL 104AS"
HUISGEN-ZIMME,"MATH","MATH 117, MATH 111B, MATH 8, MATH 236A, MATH 237C"
HUK P M,"WRIT","WRIT 2, WRIT 50E, WRIT 2E, WRIT 109F, WRIT 105C"
HULME J L,"ECON","ECON 136B, ECON 136C"
HUSTON V G,"DANCE","DANCE 47B, DANCE 47D, DANCE 47A, DANCE 147B, DANCE 147C"
ICHIBA T,"PSTAT","PSTAT 8, PSTAT 171, PSTAT 174, PSTAT 170, PSTAT 213A"
IGLESIAS-RODR,"EEMB, EEMB W","EEMB W 158, EEMB 158, EEMB 243, EEMB 242, EEMB 595MM"
IGNON M E,"ART","ART 7B, ART 110, ART 591A"
IHM E D,"PSY, INT","PSY 102, PSY 105, PSY 10B, PSY 1, PSY 120L"
IKEUCHI S,"EACS, JAPAN","JAPAN 161, JAPAN 180DL, EACS 181GL, JAPAN 153, JAPAN 138"
INGHAM R J,"SHS","SHS 122, SHS 166, SHS 167"
ISRAEL T,"CNCSP, CNCSPW","CNCSPW 116, CNCSP 197, CNCSP 293, CNCSP 294, CNCSP 261"
ISUKAPALLI Y,"ECE","ECE 152A, ECE 188C, ECE 153B, ECE 189B, ECE 189A"
JACK B K,"ESM, ECON","ESM 245, ECON 214C, ECON 260K, ESM 514, ESM 401A"
JACKSON M G,"EARTH, EARTHW","EARTH 20, EARTHW 20, EARTH 2, EARTH 124IG, EARTH 270MJ"
JACKSON W E,"FAMST","FAMST 111A, FAMST 188A, FAMST 106A, FAMST 106B, FAMST 188B"
JACOB W B,"MATH","MATH 102A, MATH 94, MATH 102B, MATH 220A, MATH 199"
JACOBS E,"PSY","PSY 123, PSY 137, PSY 163EJ, PSY 196, PSY 231"
JACOBS J M,"MAT, CMPSC","MAT 238, MAT 594X, CMPSC 291I, MAT 237, MAT 596"
JACOBS J P,"ENV S","ENV S 161"
JACOBS R E,"GLOBL","GLOBL 153, GLOBL 130, GLOBL 174, GLOBL 140, GLOBL 197"
JACOBSON L,"HIST","HIST 193F, HIST 175B, HIST 175D, HIST 175A, HIST 9"
JACQUES G F,"BL ST","BL ST 103, BL ST 127, BL ST 124, BL ST 118, BL ST 146"
JAEGER L A,"CHEM, BMSE, INT","CHEM 142C, CHEM 143, INT 84CV, BMSE 244, CHEM 148"
JAMES A K,"EEMB, EARTH, GEOG, ENV S","EEMB 3, GEOG 20, EEMB 2, ENV S 111, GEOG 149"
JAMIESON A E,"ESS, ESS W","ESS 3H, ESS 3, ESS W 3, ESS 150, ESS W 9"
JAMMALAMADAKA,"PSTAT","PSTAT 122, PSTAT 120C, PSTAT 207A, PSTAT 207B, PSTAT 207C"
JANOWICZ K W,"GEOG","GEOG 176B, GEOG 176C, GEOG 178, GEOG 596"
JANUSONIS S,"PSY","PSY 136, PSY 113L, PSY 269, PSY 199"
JARRETT G C,"RG ST, PHIL, INT","PHIL 143, PHIL 188, PHIL 130, PHIL 145, RG ST 156BE"
JASECHKO S A,"ESM, EDS","ESM 203, EDS 216, ESM 235, ESM 226, ESM 401A"
JASKIEWICZ A,"ECON, INT","ECON 10A, ECON 107A, ECON 5, INT 93LS"
JAYICH A M,"PHYS","PHYS 128AL, PHYS 141, PHYS 13AH, PHYS 228, PHYS 150"
JAYICH ANIA,"PHYS","PHYS 110A, PHYS 123A, PHYS 250, PHYS 199"
JENKINS C L,"FAMST","FAMST 107, FAMST 109EM, FAMST 104, FAMST 109EP, FAMST 109EA"
JENSEN A K,"INT","INT 185ST"
JEVBRATT L V,"ART","ART 7D, ART 102MM, ART 185LJ, ART 122CC, ART 244"
JI C,"EARTH","EARTH 9, EARTH 100, EARTH 136, EARTH 596"
JIANG X,"ECON","ECON 134A, ECON 171"
JIMERSON S R,"CNCSP","CNCSP 197, CNCSP 199RA, CNCSP 223B, CNCSP 97"
JIN C,"PHYS","PHYS 115C, PHYS 115A, PHYS 115B"
JOHNSON AMRAH,"ENGL","ENGL 134NA, ENGL 128NA, ENGL 165IB, ENGL 165NJ, ENGL 128MM"
JOHNSON G B,"RG ST","RG ST 14, RG ST 104, RG ST 200TR, RG ST 292IM"
JOHNSON J K,"WRIT","WRIT 107B, WRIT 2, WRIT 107A, WRIT 105R, WRIT 1"
JONES C,"GEOG","GEOG 8, GEOG 210A, GEOG 133, GEOG 280, GEOG 287"
JOSEPH C A,"CHEM","CHEM 1A, CHEM 1C, CHEM 1B"
JOSHI P M,"MCDB","MCDB 101B, MCDB 101L"
JUE M C,"ENGL, INT","ENGL 192EF, ENGL 192SS, ENGL 140, ENGL 147OM, INT 84CJ"
JUERGENSMEYER,"SOC, GLOBL","SOC 118GC, GLOBL 124, SOC 138G, GLOBL 102, GLOBL 197"
JULLIEN D M,"FR, C LIT, CLASS","C LIT 191, FR 153D, CLASS 136, C LIT 197, C LIT 121"
JURKOWSKI N W,"MUS","MUS 15, MUS 114, MUS 3A, MUS 5A, MUS 4A"
KAHN K,"CHEM, CHEM W","CHEM 142A, CHEM 110L, CHEM 112C, CHEM 112L, CHEM 125L"
KALMAN L,"HIST","HIST 17C, HIST 166D, HIST 166C, HIST 166R"
KAM J A,"COMM","COMM 107, COMM 183, COMM 148, COMM 199RA, COMM 255"
KAMAL-HEIKMAN,"ENV S","ENV S 193TW"
KAPLAN C S,"POL S","POL S 143, POL S 118, POL S 231, POL S 197C, POL S 281"
KAPLAN S C,"FR","FR 1, FR 3, FR 5, FR 2, FR 6"
KATSIKA A,"LING, INT","LING 145, INT 136PA, LING 251A, LING 251B, LING 594"
KATZ D H,"MUS, INT","MUS 15, MUS 115, MUS 10C, INT 36KX, MUS 10B"
KAUFFMAN M E,"RG ST","RG ST 190EI, RG ST 190WE, RG ST 190GA"
KAVON C D,"ED","ED 325"
KAYSEN B J,"ENV S","ENV S 193GB"
KEARNEY J J,"ENGL, INT","ENGL 15, INT 35LT, ENGL 197, ENGL 231, ENGL 15S"
KEIFLIN R P,"PSY","PSY 116, PSY 122, PSY 163RK, PSY 594PK, PSY 199"
KELLER A A,"ESM","ESM 202, ESM 224, ESM 296, ESM 222, ESM 401C"
KELLER E A,"EARTH, ENV S, GEOG","ENV S 134, EARTH 117, GEOG 144, ENV S 144, EARTH 199"
KENDALL B E,"ESM","ESM 211, ESM 296, ESM 401C, ESM 401B, ESM 401D"
KENNEDY R A,"LING","LING 70, LING 20, LING 15, LING 107, LING 117"
KENNETT D J,"ANTH","ANTH 3, ANTH 137, ANTH 178, ANTH 239A, ANTH 206DJ"
KEUM T,"POL S","POL S 1, POL S 188, POL S 187, POL S 196, POL S 240"
KHARITONOVA Y,"INT, CMPSC, CMPSCW","CMPSCW 8, CMPSC 8, INT 5, CMPSC 90DA, CMPSC 190J"
KHOURY N N,"ARTHI","ARTHI 6K, ARTHI 132I, ARTHI 132J, ARTHI 132D, ARTHI 186Q"
KIM B,"ECE","ECE 152A, ECE 224A, ECE 594BB"
KIM H S,"PSY","PSY 154, PSY 150L, PSY 160HK, PSY 252, PSY 199"
KIM HYUN-JUNG,"MATH","MATH 34A, MATH 34B, MATH 8"
KIM L,"INT","INT 93R, INT 93P"
KIM S,"MCDB, BMSE","MCDB 260, MCDB 170, MCDB 248, BMSE 210, MCDB 221"
KIM YOUNG JI,"COMM","COMM 106, COMM 122, COMM 206, COMM 199RA"
KING J Y,"GEOG","GEOG 4, GEOG 142, GEOG 134, GEOG 260, GEOG 596"
KING R S,"INT, ENGL","ENGL 102, INT 137MK, ENGL 147WT, ENGL 102S, ENGL 197"
KING W D,"THTR","THTR 1, THTR 180B, THTR 180A, THTR 182M, THTR 104A"
KIPPIN T E,"PSY, INT","PSY 111, PSY 138L, INT 84AN, PSY 235, PSY 211"
KIRTMAN B,"CHEM","CHEM 113A, CHEM 115A, CHEM 222A, CHEM 222C, CHEM 222B"
KISLENKO N,"MUS A, MUS","MUS 31A, MUS 31B, MUS 31C, MUS 31X, MUS 152"
KITTLER W D,"GER, C LIT","C LIT 30A, GER 164E, C LIT 35, GER 35, C LIT 179C"
KLAMKIN J,"ECE, MATRL","ECE 144, ECE 227B, ECE 227A, ECE 594, MATRL 268A"
KLEIN S B,"PSY","PSY 117, PSY 148, PSY 160SK"
KLOETZEL J M,"MUS A, MUS","MUS 26B, MUS 296B, MUS A 244, MUS A 144, MUS A 44"
KLOKE J,"PSTAT","PSTAT 130, PSTAT 131, PSTAT 135, PSTAT 231"
KOENIG R J,"MUS A, MUS","MUS A 244, MUS 220, MUS A 144, MUS A 44, MUS 297A"
KOKINIS T A,"HIST","HIST 8, HIST 136W, HIST 151A, HIST 197LA, HIST 151R"
KOMMERELL G,"GER","GER 101B, GER 1G, GER 105C, GER 2G"
KORMAN D Z,"PHIL","PHIL 1, PHIL 100B, PHIL 100E, PHIL 100C, PHIL 150E"
KORNBERG D N,"SOC","SOC 118GK, SOC 126, SOC 294"
KOSIK K S,"MCDB, BMSE, ART","MCDB 152, ART 133M, MCDB 220C, MCDB 199, BMSE 220C"
KOTH M K,"ART","ART 10, ART 100"
KOUTROULAKIS,"PHYS, INT","PHYS 1, PHYS 103, PHYS 25, PHYS 5, PHYS 20"
KOZERAWSKI J,"CMPSC, INT","CMPSC 32, CMPSC 24, CMPSC 165B, INT 93LS"
KRINTZ C,"CMPSC","CMPSC 189B, CMPSC 190B, CMPSC 263, CMPSC 148, CMPSC 596"
KRISTIANSEN K,"PHYS","PHYS 6C, PHYS 4, PHYS 25, PHYS 110A, PHYS 103"
KRUEGEL C I,"CMPSC","CMPSC 177, CMPSC 596, CMPSC 196"
KRUT R M,"WRIT","WRIT 107B, WRIT 105C, WRIT 50, WRIT 2, WRIT 1"
KRUVAND M,"WRIT","WRIT 107J, WRIT 107B, WRIT 107G, WRIT 107P, WRIT 105SW"
KRYDER E A,"WRIT","WRIT 157B, WRIT 157A, WRIT 105S, WRIT 107EP, WRIT 107P"
KUCHERA-MORIN,"MAT, MUS","MUS 109IA, MAT 594P, MAT 596"
KUHN P J,"ECON","ECON 152, ECON 290, ECON 250E, ECON 250I"
KULPER D E,"ECON","ECON 189, ECON 118"
KUMAR S L,"MATH","MATH 34A, MATH 3B, MATH 6B, MATH 108A, MATH 8"
KUNAK E,"MS","MS 22, MS 1AB, MS 1A, MS 131, MS 2AB"
KUNDU M,"ENV S, ANTH","ENV S 132, ANTH 111, ANTH 148, ENV S 112"
KURIN D S,"ANTH","ANTH 121, ANTH 180A, ANTH 197DK, ANTH 180B, ANTH 197ZZ"
KURIS A M,"EEMB","EEMB 112, EEMB 116, EEMB 111, EEMB 194T, EEMB 596"
KUZIN M,"MUS A, MUS","MUS A 136, MUS A 42, MUS A 36, MUS A 142, MUS A 137"
KYRATZIS A,"ED","ED 111, ED 211G, ED 199RA, ED 202A, ED 197"
LABATUT M A,"FR","FR 4, FR 5, FR 6, FR 3, FR 2"
LABUTIN D A,"MATH, INT","MATH 4A, MATH 111C, MATH 118A, MATH 132A, MATH 108A"
LAMARTINE N C,"MUS A, MUS","MUS A 37, MUS A 36, MUS A 136, MUS A 37M, MUS A 137"
LAMBERT R,"ED, ED M","ED M 320, ED 176B, ED 222A, ED 228K, ED 222F"
LANE D S,"COMM, COMM W","COMM 89, COMM W 188, COMM 128, COMM 188, COMM 160PD"
LANSING C L,"HIST","HIST 4B, HIST 115X, HIST 115A, HIST 115B, HIST 9"
LARSEN A E,"ESM","ESM 270, ESM 270P, ESM 595AL, ESM 401C, ESM 401A"
LARUE R J,"C LIT, FR","C LIT 186FL, C LIT 189, FR 101B, FR 151F"
LASHMET A J,"LING, LING W","LING 12, LING 141, LING W 12, LING W 3C, LING 3C"
LATTO J G,"EEMB, INT","EEMB 2, EEMB 2LL, EEMB 50, EEMB 40, INT 35HD"
LAURENT-PERRA,"HIST","HIST 8, HIST 153M, HIST 153A, HIST 149AD, HIST 151R"
LAVERMAN L E,"CHEM","CHEM 116BL, CHEM 116AL, CHEM 116CL, CHEM 110"
LAWSON D W,"ANTH, INT","ANTH 170, ANTH 130, INT 84CH, ANTH 9, ANTH 241B"
LEA D W,"EARTH, INT, ESM","EARTH 130, EARTH 105, ESM 239, INT 84CQ, EARTH 199"
LEBRUN A S,"PHIL","PHIL 4, PHIL 7, PHIL 100B"
LEE H,"ECE, INT","ECE 130A, ECE 148, INT 94VE, ECE 278C, ECE 194R"
LEE J S,"ED","ED 123, ED 270H, ED 199, ED 253D, ED 270F"
LEE J W,"HIST","HIST 2A, HIST 4A, HIST 111F, HIST 111B, HIST 111T"
LEE W A,"KOR","KOR 1, KOR 2, KOR 4, KOR 3, KOR 5"
LEGRADY G T,"MAT","MAT 594G, MAT 259A, MAT 265, MAT 255, MAT 596"
LENIHAN H S,"ESM","ESM 260, ESM 254, ESM 401D, ESM 401A, ESM 401B"
LEOMBRUNI L V,"ESM","ESM 440, ESM 449, ESM 296"
LEONARDI P M,"TMP","TMP 491D, TMP 283, TMP 274, TMP 275, TMP 299"
LEVI C G,"MATRL","MATRL 100C, MATRL 289G, MATRL 289B"
LEVY B R,"MUS","MUS 3C, MUS 5A, MUS 160B, MUS 250B, MUS 273"
LEW G J,"MCDB, INT","MCDB 108B, MCDB 109L, INT 84ZR, MCDB 199, MCDB 596"
LEWALLEN A,"JAPAN, HIST, EACS","EACS 4B, JAPAN 150, EACS 14, EACS 141, JAPAN 144"
LEWIN B A,"ENV S","ENV S 127A, ENV S 191, ENV S 127B"
LEWIS K,"TMP","TMP 499, TMP 441, TMP 276"
LEWIS R B,"CHEM","CHEM 109C, CHEM 109A, CHEM 109B, CHEM 6AL, CHEM 6BL"
LEZRA E M,"GLOBL","GLOBL 110, GLOBL 165, GLOBL 163, GLOBL 197C"
LI P,"ECE","ECE 152A, ECE 594BB"
LI X,"CHIN, C LIT, EACS","EACS 4A, C LIT 31, CHIN 143, CHIN 40, CHIN 144"
LI ZHIJIAN,"PSTAT","PSTAT 160A, PSTAT 131, PSTAT 126, PSTAT 231"
LIAO B,"ME","ME 151A, ME 151B, ME 125BL, ME 225BL"
LIBERMAN Z E,"PSY","PSY 105, PSY 160ZL, PSY 594ZL, PSY 199, PSY 99"
LIEN P,"POL S, AS AM","POL S 166, POL S 161, POL S 160, AS AM 160, POL S 263"
LIM G,"MATH","MATH 6A, MATH 118A, MATH 117, MATH 145, MATH 118B"
LIN Q,"MATH","MATH 6B, MATH 3A, MATH 117, MATH 8"
LINDHEIM S H,"LATIN, CLASS","CLASS 110, LATIN 3, LATIN 2, LATIN 101, LATIN 100"
LINZ D G,"INT, COMM","COMM 132, COMM 170, COMM 176, COMM 127, COMM 175SX"
LIPMAN E A,"PHYS","PHYS 129L, PHYS 127BL, PHYS 128AL, PHYS 103, PHYS 13BH"
LIPPINCOTT W,"PHYS","PHYS 115B, PHYS 127AL, PHYS 115A"
LIPSHUTZ B H,"CHEM","CHEM 109BH, CHEM 109CH, CHEM 596, CHEM 223, CHEM 6CH"
LISIECKI L E,"EARTH","EARTH 4, EARTH 106, EARTH 201C, EARTH 202, EARTH 206"
LITTLE R D,"CHEM","CHEM 127, CHEM 128, CHEM 228, CHEM 227"
LIU A Y,"ENGL","ENGL 25, ENGL 146DS, ENGL 238, ENGL 197, ENGL 25S"
LIU Z,"MATH","MATH 3B, MATH 111A, MATH 111C, MATH 111B, MATH 8"
LMAIFI M,"FR","FR 6, FR 1, FR 2, FR 3"
LOAICIGA H,"GEOG, ENV S, EARTH","GEOG 112, EARTH 173, GEOG 116, GEOG 162, ENV S 162"
LOHWASSER K,"ED S, ED","ED 150, ED 131, ED 129, ED S 321"
LOKSHTANOV D,"CMPSC","CMPSC 190A, CMPSC 138, CMPSC 130B, CMPSC 40, CMPSC 130A"
LONG D D,"MATH","MATH 3B, MATH 108B, MATH 118C, MATH 221A, MATH 221C"
LOPEZ-CARR D,"GEOG","GEOG 5, GEOG 2, GEOG 141A, GEOG 155"
LOUIS M R,"MCDB, BMSE","MCDB 108C, MCDB 595X, BMSE 210, MCDB 199, MCDB 596"
LOVE-ANDEREGG,"EEMB","EEMB 140, EEMB 508, EEMB 140L, EEMB 595R, EEMB 509"
LOVETT D W,"C LIT, SLAV, GER","C LIT 50, C LIT 43A, GER 43A, C LIT 179A, C LIT 30B"
LOW D A,"MCDB, BMSE","MCDB 101A, MCDB 101AH, MCDB 194BG, MCDB 230, BMSE 230"
LOW S H,"MCDB","MCDB 1B, MCDB 6, MCDB 111, MCDB 26, MCDB 21"
LOWELL J F,"ECON","ECON 180, ECON 181"
LUBIN P,"PHYS, ASTRO","PHYS 4, ASTRO 1, PHYS 134L, PHYS 150, PHYS 199"
LUDKOVSKI M,"PSTAT, PSTATW","PSTATW 160A, PSTAT 160A, PSTAT 170, PSTAT 176, PSTAT 276"
LUDWIG A W,"PHYS","PHYS 220, PHYS 223B"
LUKAS A V,"ART","ART 1C, ART 7B, ART 14, ART 110, ART 111PP"
LUMBRERAS M,"ARTHI","ARTHI 109B, ARTHI 109C, ARTHI 256"
LUNA Z T,"SOC","SOC 155M, SOC 185S, SOC 154R, SOC 196HR, SOC 255R"
LUNDBERG S J,"ECON","ECON 250D, ECON 196A, ECON 196B"
LUNSFORD K J,"WRIT","WRIT 109HP, WRIT 105SW, WRIT 155B, WRIT 161, WRIT 253"
LUO X,"PHYS","PHYS 23, PHYS 24, PHYS 128AL"
LUPI J P,"SPAN, INT","SPAN 30, SPAN 169, SPAN 177, SPAN 182A, SPAN 185"
LUZZATTO-FEGI,"ME","ME 152B, ME 125PL, ME 220A, ME 225PL, ME 197"
LYONS M M,"DANCE","DANCE 56A, DANCE 44E, DANCE 56F, DANCE 82C, DANCE 82MX"
LYTLE T J,"THTR, AS AM","AS AM 118, THTR 9, AS AM 142, AS AM 79"
MA D,"MCDB","MCDB 103, MCDB 151, MCDB 220B, MCDB 103H, MCDB 194ZM"
MACDONALD A J,"ESM, ENV S","ENV S 193PH, ESM 212, ESM 401B, ESM 401A, ESM 401D"
MACDONALD F A,"EARTH","EARTH 104A, EARTH 109, EARTH 201B, EARTH 596, EARTH 199"
MACGILLIVRAY,"FEMST","FEMST 20, FEMST 150, FEMST 180, FEMST 186AN, FEMST 185BE"
MACIAS R,"INT, ENGL","ENGL 189, ENGL 10, INT 201GW, ENGL 265GW, ENGL 175GW"
MACINTYRE S,"EEMB","EEMB 142B, EEMB 153, EEMB 194Q, EEMB 142BL, EEMB 253"
MACKIE D M,"PSY","PSY 139, PSY 140, PSY 594DM, PSY 199, PSY 99"
MACLEAN R B,"LATIN, CLASS","CLASS 140, CLASS 70, LATIN 1, CLASS 233, CLASS 185"
MADHOW U,"ECE","ECE 130A, ECE 130B, ECE 283, ECE 146A, ECE 240"
MAHAN M J,"MCDB","MCDB 132, MCDB 132L, MCDB 223, MCDB 224, MCDB 194MP"
MAHDAVI P,"POL S, ESM","POL S 15, POL S 196, POL S 206, POL S 211, POL S 205"
MAJEWSKI J D,"HIST, INT","HIST 162B, HIST 9, INT 137TH, HIST 162R"
MAJOR B N,"PSY","PSY 102, PSY 147, PSY 594BM, PSY 199"
MALDONADO J K,"ENV S","ENV S 130B, ENV S 130A, ENV S 186, ENV S 199RA"
MALEUVRE D,"FR, C LIT","C LIT 30C, C LIT 50, FR 147D, FR 101C, FR 100"
MALHOTRA A,"GLOBL","GLOBL 110, GLOBL 142, GLOBL 197, GLOBL 292AM"
MALVINNI D,"MUS","MUS 17, MUS 114"
MANIN F,"MATH","MATH 108B, MATH 147A, MATH 111B, MATH 221A, MATH 232A"
MANJUNATH B S,"ECE, CMPSC","ECE 180, ECE 181, ECE 278A, CMPSC 181, ECE 281B"
MARCHETTI M,"PHYS, BMSE","PHYS 119B, PHYS 219, PHYS 138, BMSE 224, PHYS 238"
MARCOULIDES G,"ED","ED 145, ED 216A, ED 216F, ED 215B"
MARCUS S L,"MUS A, MUS","MUS 3C, MUS 175G, MUS 175F, MUS 160D, MUS 160E"
MARCUSE H,"HIST, INT","HIST 2C, HIST 133D, INT 137RP, HIST 9, HIST 133Q"
MARDEN J R,"ECE","ECE 149, ECE 194V, ECE 130A, ECE 271C, ECE 194D"
MARINA M M,"ED","ED 20, ED 20I, ED 120"
MARKS T G,"ME","ME 104, ME 6, ME 14, ME 179L"
MAROLF D M,"PHYS","PHYS 102, PHYS 231C, PHYS 231A, PHYS 230B, PHYS 231B"
MARQUES-PASCU,"SPAN, PORT, SPAN W","SPAN W 1, SPAN W 2, SPAN 3, SPAN 1, SPAN 2"
MARSHALL K,"ECON","ECON 101, ECON 181, ECON 114B"
MARTIN C L,"PHYS, ASTRO","ASTRO 1, PHYS 133, PHYS 132, PHYS 136, ASTRO 1H"
MARTIN J A,"ENV S","ENV S 3, ENV S 106, ENV S 40, ENV S 130C, ENV S 108O"
MARTINS N C,"DANCE","DANCE 47B, DANCE 47C, DANCE 147C, DANCE 194, DANCE 47E"
MARTINS SILVA,"FR","FR 1, FR 2, FR 3"
MASANET E R,"ESM","ESM 210, ESM 273, ESM 284, ESM 287, ESM 401A"
MASLAN M J,"ENGL","ENGL 103A, ENGL 132WE, ENGL 132PR, ENGL 132EP, ENGL 197"
MASON E J,"PHIL","PHIL 4, PHIL 145, PHIL 128, PHIL 150A, PHIL 296A"
MASSIE E K,"MES, HIST","HIST 2C, MES 45"
MASTERSON D T,"POL S","POL S 150A, POL S 197C, POL S 196, POL S 594MD, POL S 207"
MASTRO D E,"COMM","COMM 103, COMM 199RA, COMM 594MS"
MATNI Z A,"COMM, CMPSC, CMPSCW","COMM 88, CMPSC 8, CMPSCW 8, CMPSC 32, CMPSC 16"
MATOZA R S,"EARTH","EARTH 11, EARTH 136, EARTH 131, EARTH 232, EARTH 596"
MATTHYS E F,"ME","ME 112, ME 102, ME 225FE"
MAUL A E,"ED","ED 214B, ED 214A, ED 217A, ED 214C, ED 217B"
MAYER C,"TMP","TMP 127"
MAYER R E,"PSY","PSY 124, PSY 125, PSY 594RM, PSY 160RM, PSY 237"
MAZANEC T J,"CHIN, C LIT, EACS, INT, CHIN W","CHIN W 80, CHIN 80, CHIN 140, CHIN 139, CHIN 101A"
MAZER S J,"EEMB","EEMB 127, EEMB 127L, EEMB 194M, EEMB 596, EEMB 199"
MAZIN B A,"PHYS","PHYS 6CL, PHYS 6AL, PHYS 6BL, PHYS 29, PHYS 129L"
MCAULEY C,"BL ST","BL ST 7, BL ST 3, BL ST 104, BL ST 102, BL ST 100"
MCCANTS K A,"ENGL","ENGL 192WW, ENGL 105B, ENGL 165RR, ENGL 165EM"
MCCARTHY C R,"THTR, DANCE, INT","DANCE 50, DANCE 56A, DANCE 56C, DANCE 149, DANCE 151A"
MCCAULEY D J,"EEMB","EEMB 113, EEMB 113L, EEMB 595CB, EEMB 596, EEMB 199"
MCCLAIN K L,"SLAV, RUSS, C LIT","C LIT 115, SLAV 117F, SLAV 152A, SLAV 33, SLAV 182"
MCCLURE S B,"ANTH","ANTH 3, ANTH 162, ANTH 167, ANTH 197XY, ANTH 186Z"
MCCRAY W P,"HIST","HIST 22, HIST 20, HIST 109T, HIST 201HT, HIST 295TS"
MCDONALD K L,"HIST, JAPAN","HIST 87, HIST 187C, HIST 187B, HIST 105II, HIST 9"
MCFADDEN J P,"GEOG","GEOG 115A, GEOG 130, GEOG 243"
MCFARLAND E W,"CHEM, CH E","CH E 184B, CH E 140B, CH E 141, CH E 198, CH E 241"
MCHUGH P,"WRIT, INT","WRIT 107B, INT 37UD, WRIT 50, WRIT 105WE, WRIT 153B"
MCKIRAHAN R D,"PHIL","PHIL 154, PHIL 151, PHIL 153, PHIL 251G"
MCLELLAN L,"RUSS","RUSS 1, RUSS 101D, RUSS 5, RUSS 6, RUSS 101A"
MCLEMORE E L,"ARTHI","ARTHI 6G, ARTHI 141A, ARTHI 138B, ARTHI 138C, ARTHI 141MH"
MCMAHON C S,"THTR","THTR 2A, THTR 184AA, THTR 184CA, THTR 251AF, THTR 199"
MCMEEKING R M,"ME, MATRL","ME 154, MATRL 234"
MCMURTREY M J,"ENV S, ENGL","ENV S 193TK, ENGL 34NA"
MCNAMARA J P,"FAMST","FAMST 144, FAMST 96, FAMST 150AD, FAMST 166TN, FAMST 187SS"
MEADOW M A,"ARTHI, INT","ARTHI 6M, INT 137MK, ARTHI 107A, ARTHI 107C, ARTHI 141E"
MEDINA R W,"RG ST, HEB","RG ST 30, RG ST 133C, RG ST 115G, RG ST 133E, RG ST 131J"
MEHTA A S,"GLOBL","GLOBL 130, GLOBL 136, GLOBL 195"
MEIBURG E H,"ME","ME 140A, ME 252A"
MEINHART C,"ME","ME 151A, ME 110, ME 157, ME 125LP, ME 257"
MEIRING W,"PSTAT","PSTAT 127, PSTAT 262ST, PSTAT 220B, PSTAT 232, PSTAT 230"
MELACK J M,"EEMB, ESM","ESM 202, EEMB 153, EEMB 194GC, EEMB 596, EEMB 253"
MELNICK R D,"FAMST","FAMST 101F, FAMST 101C, FAMST 55QM, FAMST 187AN, FAMST 110"
MENA H P,"WRIT","WRIT 105WE, WRIT 107J, WRIT 50, WRIT 107DJ, WRIT 152B"
MENARD G,"CHEM","CHEM 25, CHEM 173A, CHEM 596, CHEM 175, CHEM 268A"
MENDES BRAGA,"PORT, FR","FR 1, PORT 130B, PORT 8B, PORT 8A, PORT 102A"
MENDEZ S C,"LAIS, HIST","HIST 8, HIST 8B, HIST 151B, LAIS 100S, HIST 151R"
MENG K C,"ESM, ECON","ECON 115, ESM 229, ECON 260G, ESM 401A, ESM 401D"
MEROLLA A J,"COMM","COMM 89, COMM 121, COMM 111, COMM 207, COMM 199RA"
METIU H I,"CHEM","CHEM 113C, CHEM 113A, CHEM 2B, CHEM 2BC, CHEM 113AL"
METZGER M J,"COMM, INT","COMM 87, COMM 174, COMM 213, INT 200, COMM 204B"
MEUNIER M M,"DANCE","DANCE 47A, DANCE 47B, DANCE 147A, DANCE 47E, DANCE 147PC"
MEYER M N,"ED LA","ED LA 320F"
MEZIC I,"ME","ME 16, ME 163, ME 215A, ME 203, ME 201"
MIELE I,"WRIT","WRIT 105S, WRIT 109ED, WRIT 2, WRIT 105C, WRIT 1"
MIESCHER S F,"HIST, BL ST","HIST 49B, HIST 49C, BL ST 49C, HIST 202, BL ST 49B"
MIGLIO V G,"SPAN, C LIT, LAIS","LAIS 10, LAIS 102, SPAN 100, SPAN 153E, SPAN 115"
MILDENBERGER,"POL S, ENV S, ESM","POL S 15, POL S 177, ENV S 177, POL S 106CI, POL S 207"
MILLAR-BLANCH,"PHYS","PHYS 4, PHYS 132, PHYS 141, PHYS 134L"
MILLER K M,"ENV S, GEOG","ENV S 130C, GEOG 5, ENV S 111, GEOG 149, GEOG 119"
MILLER-YOUNG,"FEMST","FEMST 150, FEMST 60, FEMST 151AB, FEMST 182, FEMST 220"
MILLNER A M,"ECON","ECON 10A, ECON 115, ECON 260I, ECON 290"
MINOR R H,"HIST, WRIT, BL ST","HIST 49C, HIST 101, BL ST 49C, HIST 147D, WRIT 2"
MIOLANE N,"ECE","ECE 3, ECE 278A, ECE 594N, ECE 194N"
MIRZA D,"CMPSC, CMPSCW","CMPSC 16, CMPSC 24, CMPSC 8, CMPSCW 8, CMPSC 40"
MISHRA U,"ECE","ECE 142, ECE 221A, ECE 221B, ECE 196"
MITCHELL G M,"THTR, INT","THTR 19, THTR 22, INT 84BE, THTR 194D, THTR 122"
MITHUN M,"LING","LING 108, LING 134, LING 234, LING 216, LING 223"
MIZRAHI J L,"WRIT","WRIT 107P, WRIT 159B, WRIT 109HP, WRIT 107J, WRIT 152B"
MOAK D,"GLOBL, HIST, FR, C LIT, ITAL","GLOBL 1, C LIT 30C, C LIT 30B, C LIT 50C, C LIT 34"
MOEHLIS J M,"ME, ENGR, ENGR W, CMPSC, CMPSCW","CMPSC 8, CMPSCW 8, ENGR 3, ENGR W 3, ME 16"
MOELLER H V,"EEMB","EEMB 120, EEMB 179, EEMB 508, EEMB 509, EEMB 595CA"
MOERSCHEL J A,"MUS A, MUS","MUS A 140, MUS A 40, MUS A 144, MUS 26D, MUS A 244"
MOKRISKI D A,"PHIL","PHIL 3, PHIL 4, PHIL 1, PHIL 139, PHIL 134"
MONAHAN L,"ARTHI","ARTHI 119F, ARTHI 141E, ARTHI 192A, ARTHI 141F"
MONTAGUE D K,"EDS, ESS, AS AM","EDS 242, AS AM 159, ESS 159"
MONTELL C,"MCDB","MCDB 152, MCDB 194NB, MCDB 223, MCDB 248, MCDB 218B"
MONTELL D J,"MCDB","MCDB 112, MCDB 112H, MCDB 248, MCDB 218A, MCDB 199"
MONTELLO D R,"GEOG","GEOG 5, GEOG 150, GEOG 117, GEOG 153C, GEOG 200C"
MOODY G A,"ECE","ECE 120A, ECE 120B, ECE 136C, ECE 10C, ECE 10CL"
MOORE J,"EARTH, EEMB","EARTH 7, EARTH 111, EEMB 136, EARTH 144, EEMB 136L"
MOORE K A,"HIST","HIST 17A, HIST 193MA, HIST 161R, HIST 101MQ"
MOORE K M,"RG ST, INT, ENGL","ENGL 37, RG ST 37, RG ST 141D, RG ST 102A, INT 36DL"
MOOSBRUGGER L,"POL S","POL S 6, POL S 146, POL S 145, POL S 177"
MORAGA C L,"ENGL","ENGL 134BB, ENGL 165AT, ENGL 108CC, ENGL 108LP, ENGL 265IS"
MORALES H L,"CLASS, GREEK","CLASS 40, CLASS 40H, GREEK 10B, GREEK 10A, CLASS 232"
MORAN A S,"ED","ED 363, ED 362, ED 228L, ED 222B, ED 229D"
MORELL K D,"EARTH","EARTH 6, EARTH 176, EARTH 201A, EARTH 596, EARTH 199RA"
MORENO CAMPOS,"CH ST","CH ST 161, CH ST 168E, CH ST 166, CH ST 141, CH ST 168B"
MORET S L,"ENV S, GEOG","ENV S 2, ENV S 193CP, ENV S 137, GEOG 144, ENV S 144"
MORGAN M,"THTR, INT","THTR 11A, THTR 112, THTR 111A, THTR 111C, THTR 11B"
MORGAN M L,"CNCSP","CNCSP 111, CNCSP 227, CNCSP 260A, CNCSP 268C, CNCSP 202"
MORRIS N S,"WRIT","WRIT 105C, WRIT 24, WRIT 152A, WRIT 107J, WRIT 107M"
MORRISON D R,"MATH, PHYS","MATH 108A, PHYS 102, MATH 111C, MATH 113, MATH 108B"
MORRISSEY M A,"MCDB","MCDB 135, MCDB 260, MCDB 218A, MCDB 194M"
MORSE J C,"POL S","POL S 7, POL S 124, POL S 106HR, POL S 272"
MORSTEIN-MARX,"LATIN, CLASS, GREEK","CLASS 20B, CLASS 150, CLASS 145, CLASS 185, LATIN 100"
MORTON C,"THTR","THTR 180E, THTR 104A, THTR 194L, THTR 104B, THTR 265A"
MOSELEY D,"THTR, DANCE","DANCE 47A, DANCE 47B, DANCE 42E, DANCE 47C, DANCE 147B"
MOSER C H,"INT, ARTHI, WRIT W, ARTHIW","ARTHI 6A, ARTHIW 6R, WRIT W 6R, ARTHI 103G, ARTHI 103D"
MOSTOFI Y C,"ECE, ME","ECE 146A, ECE 271A, ECE 250, ME 155C"
MOULTON S M,"ART","ART 1C, ART 32, ART 132, ART 244, ART 134"
MOUTI S,"PSTAT, PSTATW","PSTAT 120A, PSTATW 120A, PSTAT 171, PSTAT 120B, PSTAT 160A"
MOVSESIAN H,"RUSS, SLAV, C LIT","SLAV 117G, C LIT 113, C LIT 188, SLAV 123B, C LIT 181A"
MUKHERJEE ARN,"CHEM, CH E, BIOE","CH E 132B, CH E 132C, CH E 230A, CH E 174, BIOE 210"
MULFINGER J,"ART","ART 7C, ART 194, ART 12, ART 105PP, ART 199RA"
MULLATH MOHAM,"MATH","MATH 6B, MATH 111A, MATH 108B, MATH 108A, MATH 8"
MULLEN J O,"LING, LING W","LING 3B, LING W 3C, LING 3C, LING 14, LING W 12"
MULLIN C R,"COMM","COMM 113, COMM 179, COMM 145, COMM 132, COMM 114"
MULLIN D I,"COMM","COMM 1, COMM 88, COMM 500"
MURGIDA L J,"ART","ART 7A, ART 120NP, ART 19, ART 132"
MURNANE E H,"MUS","MUS 11, MUS 4A, MUS 4D"
MURRAY A,"GEOG","GEOG 190, GEOG 191, GEOG 294, GEOG 290, GEOG 596"
MURTI-HALI D,"WRIT","WRIT 2, WRIT 107B, WRIT 105C, WRIT 107G, WRIT 199"
MURUAMENDIARA,"SPAN, C LIT","SPAN 183IA, SPAN 183B, SPAN 154C, C LIT 186B, SPAN 183E"
MYERS K K,"COMM","COMM 166, COMM 122, COMM 152, COMM 204M, COMM 199RA"
NABI R L,"COMM","COMM 117, COMM 139, COMM 181A, COMM 217"
NADLER R,"LING, GRAD, WRIT","WRIT 109ST, GRAD 283AA, LING 592, GRAD 282AA, GRAD 281AA"
NAGY A,"MATH","MATH 4B, MATH 119A, MATH 145, MATH 8, MATH 119B"
NAKAMURA J C,"THTR, AS AM, THTR W, INT","THTR 2B, THTR W 2B, THTR 188D, THTR 183EA, THTR 180F"
NALL C M,"POL S, INT","POL S 12, POL S 162, POL S 170, INT 84BW"
NARANG N,"POL S","POL S 7, POL S 196, POL S 275"
NATHAN J S,"MUS A, MUS","MUS 16, MUS 175K, MUS A 147S, MUS A 144, MUS A 47S"
NEDERVEEN PIE,"GLOBL, SOC","SOC 185DG, GLOBL 123, GLOBL 159, GLOBL 220"
NELSON H,"PHYS","PHYS 1, PHYS 4, PHYS 127AL, PHYS 199"
NERELLA T,"PHYS","PHYS 25, PHYS 110A, PHYS 115A, PHYS 240, PHYS 235"
NESCI C,"C LIT, FR","C LIT 50B, FR 50BX, C LIT 101, FR 151B, FR 100"
NEWFIELD C J,"ENGL","ENGL 193, ENGL 197, ENGL 236, ENGL 193S, ENGL 199"
NGUYEN A T,"MCDB, EEMB","EEMB 2, MCDB 1A, EEMB 2LL, MCDB 1B, MCDB 1LL"
NGUYEN T T,"CHEM, INT","INT 84CB, CHEM 153, CHEM 282C, CHEM 596, CHEM 290"
NICOLAESCU A,"LING, LING W","LING W 3C, LING 3C, LING 12, LING W 12, LING 140"
NIDZIEKO N J,"GEOG, ENV S","ENV S 111, GEOG 149, GEOG 104, GEOG 132, GEOG 263"
NIELSEN E S,"SOC, ENV S","SOC 130ST, SOC 185G, SOC 131, SOC 124, SOC 108A"
NINH E K,"AS AM","AS AM 5, AS AM 162, AS AM 128, AS AM 122, AS AM 100EE"
NOI E,"GEOG, GEOG W","GEOG W 12, GEOG 172, GEOG 176A"
NORRIS A,"POL S, INT","POL S 1, POL S 188, POL S 110, POL S 110PC, INT 84BA"
NORTH R H,"MUS A","MUS A 170J, MUS A 70J, MUS A 270J"
NOURIZADEH S,"EEMB, MCDB","MCDB 111, MCDB 1A, EEMB 157, EEMB 157B, MCDB 112L"
NOVAK D E,"MUS, INT","MUS 168G, MUS 168J, INT 84CM, MUS 227, MUS 276B"
NOVAK M J,"MAT, INT","MAT 80TH, INT 80TH, INT 80EM, MAT 80AS, INT 80AS"
NOWAK J J,"HIST, GLOBL","HIST 196SJ, GLOBL 177SJ"
NYLUND K L,"ED","ED 214C, ED 216B, ED 216F, ED 201F"
O'CONNOR A M,"HIST","HIST 74, HIST 5, HIST 178B, HIST 266B, HIST 266A"
O'MALLEY M A,"CH E","CH E 107, CH E 180A, CH E 173, CH E 272, CH E 198"
OAKLEY T H,"EEMB","EEMB 102, EEMB 112, EEMB 102H, EEMB 595EV, EEMB 596"
OAKS L M,"FEMST","FEMST 260, FEMST 195HA, FEMST 195HC, FEMST 195HB, FEMST 280B"
OFFERT F,"GER, C LIT, ARTHI","C LIT 179C, GER 179C, ARTHI 163, GER 155, C LIT 155"
OGBECHIE S O,"ARTHI","ARTHI 6E, ARTHI 127A, ARTHI 121D, ARTHI 186N, ARTHI 251A"
OGRAIN C M,"MATH, ED M, ED","MATH 4B, MATH 108A, MATH 101A, MATH 8, MATH 101B"
OH S P,"PHYS","PHYS 102, PHYS 132, PHYS 104, PHYS 234, PHYS 237"
OH SANG-YUN,"PSTAT, CMPSC","PSTAT 135, PSTAT 126, PSTAT 134, CMPSC 190DE, CMPSC 190DF"
OKAMOTO Y,"ED","ED 123, ED 111, ED 210B, ED 293, ED 253D"
OLGUIN B V,"INT, ENGL","ENGL 39, ENGL 50, ENGL 34, ENGL 265GW, INT 201GW"
OLIVER E V,"PORT","PORT 115A, PORT 106, PORT 255, PORT 295A, PORT 596"
ONAKADO M,"JAPAN","JAPAN 1, JAPAN 3, JAPAN 2, JAPAN 6, JAPAN 120A"
OONO R,"MCDB, EEMB","EEMB 3, EEMB 145, EEMB 157C, EEMB 595D, EEMB 194D"
OPREA R D,"ECON","ECON 1, ECON 278A, ECON 278B"
ORLANDO M D,"ESS, INT","ESS 130, ESS 100, ESS 160, INT 84CP"
ORTIZ A,"CNCSP","CNCSP 101, CNCSP 215, CNCSP 292, CNCSP 220, CNCSP 274A"
OSQUEEZADEH B,"MUS","MUS 122D, MUS 22D"
OXELSON E M,"ED","ED 313, ED 261, ED 265A, ED 268"
PACHECO R,"ANTH","ANTH 125, ANTH 135, ANTH 250RP"
PADULA V,"ITAL","ITAL 20X, ITAL 161AX, ITAL 1, ITAL 3, ITAL 1HY"
PAJAK A K,"GER","GER 1, GER 3, GER 116A, GER 5, GER 4"
PALMSTROM C J,"MATRL, ECE","ECE 220A, MATRL 215A, ECE 220B, MATRL 217"
PAN J,"MATH","MATH 6A, MATH 4B, MATH 8, MATH 113"
PANDYA S P,"AS AM","AS AM 5, AS AM 100FF, AS AM 158, AS AM 141"
PARHAMI B,"ECE","ECE 252B, ECE 254B, ECE 257A, ECE 193"
PARK J,"MATH","MATH 6A, MATH 4A, MATH 104A, MATH 3B, MATH 8"
PARK J S W,"AS AM","AS AM 2, AS AM 130, AS AM 100DD, AS AM 155, AS AM 156"
PARK S,"ENGL","ENGL 171NH, ENGL 171, ENGL 170MB, ENGL 185, ENGL 197"
PARKER E T,"ED","ED 118, ED 20, ED 197, ED 120"
PARKS L A,"FAMST","FAMST 101D, FAMST 166TS, FAMST 187RZ, FAMST 241, FAMST 252MD"
PATTERSON D S,"PHYS","PHYS 115C, PHYS 115A, PHYS 115B, PHYS 128AL, PHYS 123B"
PATTERSON K A,"WRIT","WRIT 1, WRIT 50, WRIT 2, WRIT 109SS, WRIT 105CW"
PATTONE C F,"ITAL","ITAL 1, ITAL 3, ITAL 1HY, ITAL 16A, ITAL 16B"
PAUL C,"ARTHI","ARTHI 6B, ARTHI 1, ARTHI 5B, ARTHI 115E, ARTHI 113A"
PAUL D C,"MUS","MUS 3B, MUS 116, MUS 5B, MUS 5C"
PEDARSANI R,"ECE","ECE 130B, ECE 235, ECE 284, ECE 194E"
PEDERSEN H W,"PSTAT, INT","PSTAT 170, PSTAT 171, PSTAT 173, PSTAT 194FM, INT 84CU"
PELJHAN M,"MAT","MAT 294CR, MAT 200A, MAT 596, MAT 293"
PELLOW D N,"ENV S","ENV S 116, ENV S 181, ENV S 194CL, ENV S 199"
PENLEY C,"FAMST","FAMST 154PG, FAMST 175, FAMST 187FC, FAMST 190PC, FAMST 252PG"
PENNATHUR S,"CHEM, ME, ECE","ME 141A, ME 292, ECE 141A, ME 141B, CHEM 596"
PEREZ E,"RG ST","RG ST 61, RG ST 124G, RG ST 16, RG ST 63, RG ST 110M"
PERRONE D,"ENV S","ENV S 163A, ENV S 193SW, ENV S 163B"
PERRONE G,"HIST, HIST W","HIST 17B, HIST 5, HIST 142AL, HIST 164C, HIST W 17B"
PETERS G W,"PSTAT","PSTAT 174, PSTAT 276, PSTAT 176, PSTAT 277B, PSTAT 262FE"
PETRO P S,"FAMST","FAMST 192FT, FAMST 240, FAMST 242FS, FAMST 593"
PETTUS T R,"CHEM","CHEM 109A, CHEM 124, CHEM 163, CHEM 263, CHEM 224"
PETZOLD L,"CMPSC, ENGR, ME, MATH, ECE","ENGR 3, ME 125LP, ME 210B, CMPSC 211B, ECE 210B"
PHILLIPS M E,"FR","FR 1, FR 2, FR 3, FR 4, FR 104F"
PIERCE K T,"JAPAN","JAPAN 4, JAPAN 2, JAPAN 1, JAPAN 3, JAPAN 120A"
PIERCE S G,"PHIL","PHIL 4, PHIL 1, PHIL 3, PHIL 7"
PILAFIAN C,"DANCE","DANCE 50, DANCE 56F, DANCE 195, DANCE 151B, DANCE 56E"
PINCUS P A,"PHYS","PHYS 119A, PHYS 119B, PHYS 150, PHYS 199"
PITENIS A A,"MATRL, CH E","MATRL 101, MATRL 222B, MATRL 287T, MATRL 222A, CH E 222B"
PLANE A M,"HIST","HIST 161B, HIST 192, HIST 9, HIST 161R, HIST 292A"
PLANTINGA A,"ESM, ECON","ESM 279, ESM 242, ECON 260E, ESM 401B, ESM 401C"
PLAXCO K W,"CHEM, BMSE, BIOE","CHEM 147, BIOE 210, BMSE 215, BMSE 201A, BMSE 596"
PONCE G,"MATH, INT","MATH 122A, MATH 108A, MATH 118A, MATH 124A, MATH 118C"
POOLE S J,"MCDB","MCDB 101B, MCDB 1A, MCDB 199"
POOT-HERRERA,"SPAN","SPAN 178, SPAN 141, SPAN 138, SPAN 111A, SPAN 218"
POPESCU P F,"PHYS","PHYS 6AL, PHYS 6B, PHYS 6BL, PHYS 6CL, PHYS 3L"
PORTER M J,"MATH","MATH 4A, MATH 34A, MATH 34B, MATH 3A, MATH 4B"
PORTER S M,"EARTH","EARTH 7, EARTH 143, EARTH 227, EARTH 127, EARTH 201A"
POTOSKI M,"ESM","ESM 210, ESM 281, ESM 296, ESM 401C, ESM 401D"
POTTER W J,"COMM","COMM 113, COMM 102, COMM 138, COMM 101, COMM 175AD"
POWERS R T,"FR, C LIT","C LIT 30C, FR 50CX, C LIT 50C, FR 101C, FR 154I"
PRESS C M,"THTR, DANCE","DANCE 45, DANCE 199, THTR 29D"
PRICE S P,"CHEM","CHEM 1B, CHEM 1A, CHEM 1C, CHEM 196"
PRIETO E,"FR, C LIT","FR 154G, C LIT 171, FR 154L, FR 151G, FR 101C"
PROPEN A D,"WRIT, INT","WRIT 105M, WRIT 105S, INT 136FC"
PROULX S R,"EEMB","EEMB 138, EEMB 180, EEMB 595TE, EEMB 174, EEMB 194TE"
PRUITT B,"BMSE, ME, ENGR, BIOE","BIOE 212, ENGR 212, BMSE 258, ME 258, BMSE 596"
PULVER S,"ENV S","ENV S 117, ENV S 139, ENV S 195C, ENV S 195B, ENV S 194EL"
PUTINAR M,"MATH","MATH 4A, MATH 3B, MATH 122A, MATH 118A, MATH 108B"
PYE L,"ENV S","ENV S 188, ENV S 129"
QIN C Z,"ECON","ECON 100B, ECON 116A, ECON 100C, ECON 210C, ECON 290"
QUIRK M P,"CNCSP","CNCSP 200, CNCSP 199RA, CNCSP 201"
RADFORD A,"MUS, MUS A","MUS A 34, MUS A 134, MUS 27A"
RADNA R,"MUS, WRIT","MUS 109CA, WRIT 2, MUS 8, MUS 88"
RALEY R M,"ENGL","ENGL 10, ENGL 189, ENGL 146SI, ENGL 147SM, ENGL 146AI"
RAMBELLI F,"RG ST, JAPAN, INT, EACS","EACS 4A, INT 137RP, RG ST 167A, JAPAN 175B, RG ST 175B"
RANA S,"ENGL","ENGL 50, ENGL 134RJ, ENGL 109, ENGL 197, ENGL 50S"
RAPPAPORT E D,"HIST","HIST 4C, HIST 193F, HIST 141B, HIST 124A, HIST 200E"
RARESHIDE E,"ANTH","ANTH 131CA, ANTH 109"
RATNER K G,"PSY","PSY 10B, PSY 152, PSY 238, PSY 199"
RAVAT U V,"PSTAT, PSTATW","PSTATW 120A, PSTAT 10, PSTAT 120A, PSTAT 120B, PSTAT 194CS"
RAVEN M R,"EARTH","EARTH 4, EARTH 163, EARTH 266, EARTH 194BG, EARTH 270MR"
RAWLINGS J B,"CH E","CH E 140B, CH E 230A, CH E 594, CH E 240B, CH E 152B"
RAYMOND E,"SOC, FEMST","SOC 164, SOC 185G, SOC 145, SOC 185S, SOC 185C"
RAYMOND G,"SOC","SOC 174P, SOC 185E, SOC 136A, SOC 294, SOC 596"
READ DE ALANI,"CHEM","CHEM 109B, CHEM 109C, CHEM 109AH, CHEM 129, CHEM 223"
REBICH S R,"ESM, EDS","EDS 240, ESM 449, ESM 269, ESM 439"
REDER E R,"GER","GER 1, GER 2, GER 3, GER 101A, GER 101B"
REESE B E,"PSY, MCDB","PSY 135, PSY 163BR, PSY 132, PSY 163RE, MCDB 596"
REEVE D J,"ENGL","ENGL 101, ENGL 115, ENGL 110A, ENGL 152B, ENGL 10"
REHNBERG N M,"ENV S, HIST","ENV S 1, HIST 17C, HIST 177, ENV S 184"
REICH N O,"CHEM, BMSE, INT","CHEM 142A, CHEM 125L, CHEM 142B, CHEM 149, CHEM 142C"
REID S A,"COMM","COMM 109, COMM 104, COMM 123, COMM 181A, COMM 181B"
REYNOLDS D F,"RG ST, C LIT","C LIT 32, RG ST 289A, RG ST 148A, RG ST 289C, RG ST 148B"
RIAZI T,"RG ST, SPAN, SPAN W","SPAN W 2, SPAN 6, SPAN 3, SPAN W 1, RG ST 57A"
RICE R E,"COMM","COMM 169, COMM 163, COMM 212, COMM 200"
RICHARDSON C,"MCDB","MCDB 101A, MCDB 260, MCDB 101AH"
RICHARDSON M,"FEMST","FEMST 80, FEMST 180, FEMST 164, FEMST 185MR, FEMST 250AG"
RICHMAN J D,"PHYS","PHYS 125, PHYS 225A, PHYS 225B"
RIGHTMIRE S R,"LING","LING 3B, LING 12"
RIOS R M,"ED","ED 111, ED 123, ED 197, ED 211G, ED 146"
RIOS V M,"SOC","SOC 164, SOC 170J, SOC 213"
RIOUX M E,"EARTH","EARTH 2, EARTH 114, EARTH 104A, EARTH 102A, EARTH 115"
ROADS C,"MUS, MAT","MUS 109LA, MUS 109LB, MUS 109LC, MAT 200B, MAT 596"
ROBERTS D A,"GEOG","GEOG 4, GEOG 140, GEOG 175, GEOG 214B, GEOG 277"
ROBERTS L S,"JAPAN, HIST","HIST 2B, HIST 87, HIST 187S, HIST 187A, HIST 9"
ROBERTS S A,"ED, ED M","ED 150, ED 137, ED 221A, ED 130, ED 199RA"
ROBERTS S C,"FR","FR 1, FR 2, FR 3, FR 4, FR 100"
ROBERTSON J L,"LING","LING 3B, LING 3C, LING 12, LING 8"
ROBERTSON T,"PHIL","PHIL 183, PHIL 116, PHIL 184, PHIL 150E, PHIL 284G"
ROBINSON W I,"SOC","SOC 122GI, SOC 130GR, SOC 130LA, SOC 185RT, SOC 130SG"
RODRIGUEZ C H,"CH ST","CH ST 125A, CH ST 125B, CH ST 137, CH ST 128, CH ST 191HR"
RODWELL M J,"ECE","ECE 137A, ECE 137B, ECE 145A, ECE 145B, ECE 218A"
ROGERS P M,"WRIT, WRIT W","WRIT W 107WC, WRIT 2, WRIT 107G, WRIT 107B"
RONEY J R,"PSY","PSY 146, PSY 155L, PSY 594JR, PSY 247, PSY 199"
ROOSE H M,"INT, HIST","INT 10, HIST 169B"
ROSE K,"ECE, CMPSC","ECE 139, ECE 178, ECE 277, ECE 242, ECE 205"
ROSS ALTARAC,"WRIT","WRIT 2, WRIT 109SS, WRIT 1"
ROSS E G,"ED","ED 128, ED 130"
ROTHFARB L A,"MUS","MUS 275, MUS 252A, MUS 160C, MUS 595, MUS 251A"
ROTHMAN J H,"MCDB, BMSE","MCDB 110, MCDB 225, MCDB 224, BMSE 210, MCDB 194KF"
ROTTNER R M,"TMP","TMP 127, TMP 491N, TMP 443, TMP 441, TMP 431"
ROYER H N,"ECON","ECON 96, ECON 245J, ECON 290"
RUDNICK R L,"EARTH","EARTH 114, EARTH 124IG, EARTH 102C, EARTH 194GM, EARTH 270RR"
RUIZ T D,"PSTAT, CMPSC","PSTAT 100, PSTAT 120B, PSTAT 126, PSTAT 131, PSTAT 197A"
RUPERT P,"ECON","ECON 135, ECON 150B, ECON 204B, ECON 253A"
RUTHERFORD K,"WRIT","WRIT 105C, WRIT 50, WRIT 105R, WRIT 2, WRIT 105M"
RYAN M J,"FAMST","FAMST 195PI"
SABRA A A,"HIST","HIST 145B, HIST 46A, HIST 145C, HIST 145A, HIST 202"
SAFINYA C R,"MCDB, MATRL, BMSE, PHYS","PHYS 135, MATRL 135, MATRL 276A, BMSE 276B, MATRL 276B"
SALDIVAR TANA,"ANTH","ANTH 113, ANTH 197ES, ANTH 108, ANTH 129, ANTH 195A"
SALEEM M,"COMM, COMM W","COMM 113, COMM 114, COMM 102, COMM W 113, COMM 594MD"
SALEH O A,"MATRL, BMSE, PHYS","MATRL 200A, PHYS 139, BMSE 224, MATRL 271B, BMSE 596"
SALEM L G,"ECE","ECE 10A, ECE 10AL, ECE 142, ECE 10BL, ECE 10B"
SALEM R M,"PSY","PSY 140, PSY 10A, PSY 10B, PSY 102"
SALMON N U,"PHIL","PHIL 100C, PHIL 183, PHIL 116, PHIL 184, PHIL 173"
SALTON-COX G,"ENGL, INT","ENGL 122EE, ENGL 122RS, ENGL 122UM, INT 136FL, ENGL 197"
SALTZMAN-LI K,"JAPAN, C LIT, INT, EACS","EACS 4A, C LIT 31, JAPAN 156, INT 36TS, EACS 212"
SALZMAN J E,"ESM","ESM 207, ESM 277, ESM 278, ESM 294"
SAMOLSKY R E,"ENGL","ENGL 128GN, ENGL 165AE, ENGL 128AF, ENGL 197, ENGL 234"
SAMUELS R D,"WRIT, INT","WRIT 105R, WRIT 105PD, WRIT 109F, WRIT 109SS, INT 136SB"
SANCHEZ C A,"DANCE","DANCE 182C, DANCE 56A, DANCE 56C, DANCE 56B, DANCE 156C"
SANCHEZ D,"CH ST","CH ST 109, CH ST 161, CH ST 178A, CH ST 230C, CH ST 193"
SANDOVAL C,"CH ST","CH ST 151, CH ST 185, CH ST 185L, CH ST 114, CH ST 162"
SANTANA J,"TMP","TMP 122, TMP 422"
SANTORO A E,"EEMB, INT","EEMB 144, EEMB 150A, INT 84BV, EEMB 144L, EEMB 595MM"
SARKAR B,"FAMST","FAMST 155SR, FAMST 192CT, FAMST 124, FAMST 119ML, FAMST 226"
SATTIN-BAJAJ,"ED","ED 221B, ED 276, ED 240A, ED 250C"
SAUR E H,"WRIT","WRIT 1, WRIT 2, WRIT 105R, WRIT 109ED, WRIT 109HU"
SAURET A O,"ME","ME 152B, ME 125AS, ME 225AS, ME 225F, ME 199"
SCALZO J N,"ED","ED 319, ED 360S, ED 361S, ED 263, ED 265A"
SCHIMEL J P,"ENV S, EEMB","ENV S 171, EEMB 171, EEMB 595SE, EEMB 511, EEMB 595D"
SCHLEY N B,"MATH","MATH 4B, MATH 34A, MATH 4A, MATH 34B, MATH 6A"
SCHMITT R J,"EEMB, ENV S","EEMB 142A, EEMB 142AL, EEMB 152, ENV S 152, EEMB 595P"
SCHNEIDER N J,"ECON","ECON 138A, ECON 138B"
SCHOINOPLOKAK,"GREEK","GREEK 10A, GREEK 10B"
SCHOOLER J W,"PSY","PSY 108, PSY 121, PSY 120, PSY 160JS, PSY 117"
SCHOW C L,"ECE","ECE 10B, ECE 10BL, ECE 201A, ECE 265, ECE 192"
SCHRANCK J B,"C LIT, WRIT","WRIT 2, C LIT 27, WRIT 105C, C LIT 100, WRIT 1"
SCHULLER J A,"MATRL, ECE","ECE 162A, ECE 261, ECE 211A, MATRL 162A"
SCHULTZ J M,"FR","FR 101C, FR 100, FR 5, FR 6, FR 151R"
SCOTT S L,"CHEM, CH E","CH E 110B, CH E 240A, CH E 246, CHEM 279, CHEM 596"
SCOTT V,"THTR, THTR W","THTR W 19, THTR 130, THTR 23, THTR 123, THTR 196"
SCUDDER S L,"PSY","PSY 106, PSY 133, PSY 111"
SEARS D W,"MCDB, MCDB W","MCDB W 108A, MCDB W 138, MCDB 136H"
SEGAL N A,"GREEK, CLASS, LATIN","CLASS 40, CLASS 150, CLASS 20B, CLASS 130, CLASS 170"
SEGALMAN R A,"CH E, MATRL","CH E 160, CH E 260, MATRL 160"
SEGURA D A,"SOC","SOC 144LA, SOC 153, SOC 144, SOC 155W, SOC 215A"
SEIKALY S R,"HIST","HIST 46B, HIST 146, HIST 146T, HIST 146BQ, HIST 201ME"
SEN P,"MAT, ECE, CMPSC","ECE 178, ECE 194M, ECE 130B, ECE 194P, CMPSC 280"
SEPUNARU L,"CHEM, BMSE","CHEM 1B, CHEM 112A, CHEM 113A, CHEM 2B, CHEM 112C"
SESHADRI R,"CHEM, MATRL","CHEM 2C, MATRL 100A, MATRL 218, MATRL 286G, CHEM 277"
SEVILLA P C,"ED","ED 261, ED 381B, ED 381A, ED 381"
SHACKLEY M J,"ED, ENV S","ENV S 191, ED 263, ED 313, ED 111, ED 123"
SHAKERIAN S,"MATH","MATH 6B, MATH 3B, MATH 117"
SHEA J,"CHEM","CHEM 290, CHEM 596"
SHEEDY M A,"GER","GER 1, GER 6, GER 107A, GER 4, GER 3"
SHEFFIELD C A,"THTR","THTR 22, THTR 149, THTR 29D, THTR 29B, THTR 29A"
SHELL M S,"CH E","CH E 110A, CH E 110B, CH E 594, CH E 210D, CH E 210B"
SHEREEN SAKR,"FAMST","FAMST 165AC, FAMST 122ME, FAMST 109GA, FAMST 189AC, FAMST 189FT"
SHERMAN D A,"PSY","PSY 159, PSY 150L, PSY 160DS, PSY 202, PSY 210"
SHERWIN M S,"PHYS","PHYS 21, PHYS 104, PHYS 106, PHYS 250, PHYS 99"
SHERWOOD T P,"CMPSC","CMPSC 64, CMPSC 293E, CMPSC 196, CMPSC 596"
SHEWRY T J,"ENGL","ENGL 192FE, ENGL 122FE, ENGL 104B, ENGL 165LP, ENGL 197"
SHILO A,"GREEK, CLASS","CLASS 40, CLASS 101, GREEK 1, GREEK 3, GREEK 2"
SHISHIM M D,"INT, ED","INT 95A, ED 191W, INT 95C, INT 95B, ED 199"
SHKOLNIK A D,"PSTAT","PSTAT 160B, PSTAT 262MC, PSTAT 223C, PSTAT 199, PSTAT 223A"
SIDERIS L H,"RG ST, ENV S","ENV S 70, ENV S 188, ENV S 193NS, ENV S 103, RG ST 103"
SIDERIS T C,"MATH","MATH 3A, MATH 108A, MATH 124B, MATH 119B, MATH 246C"
SIEGEL G D,"FAMST","FAMST 70, FAMST 192PM, FAMST 166AI, FAMST 189SM, FAMST 231"
SIMMS A R,"INT, EARTH","EARTH 10, EARTH 122, EARTH 227, INT 84ZB, EARTH 596"
SIMPSON J H,"MCDB, BMSE","MCDB 101B, MCDB 101BH, MCDB 221, MCDB 254, BMSE 210"
SINGH A K,"CMPSC, PSTAT","CMPSC 130A, PSTAT 197A, CMPSC 130B, CMPSC 190DD, CMPSC 292F"
SINGH SATYAJ,"POL S, GLOBL","GLOBL 2, POL S 140, POL S 130, POL S 106PW, GLOBL 197"
SISCO Z D,"CMPSC","CMPSC 32, CMPSC 16, CMPSC 138, CMPSC 24"
SKENAZI E C,"FR, C LIT, ENGL","FR 153B, C LIT 107, FR 101A, C LIT 180, ENGL 144"
SLADE A M,"ESS, ESS W","ESS W 131, ESS W 9, ESS 131, ESS 2, ESS 9"
SLOAN T F,"ED","ED 150, ED 312, ED 282"
SMALL A L,"LING, LING W","LING 3C, LING 3B, LING W 3C, LING 12, LING W 12"
SMILEY B T,"DANCE","DANCE 44D, DANCE 51, DANCE 165, DANCE 44F, DANCE 194"
SMITH E R,"POL S, ENV S, ESM","POL S 12, POL S 175, POL S 155L, POL S 155, ENV S 178"
SMITH I,"MCDB, PSY","MCDB 260, MCDB 126B, PSY 162, PSY 163IS, MCDB 223"
SMITH K A,"WRIT, WRIT W","WRIT 50E, WRIT 107T, WRIT 2, WRIT 109ST, WRIT 105SW"
SMITH S L,"ECE","ECE 6, ECE 136B, ECE 194Q, ECE 594V, ECE 594Q"
SMITH S R,"CNCSP","CNCSP 101, CNCSP 216, CNCSP 210, CNCSP 251"
SMITH S T,"ANTH","ANTH 3, ANTH 203, ANTH 201A, ANTH 199RA"
SMITH W,"MCDB","MCDB 1B, MCDB 140L, MCDB 596"
SOLIS S W,"CMPSC, PSTAT","CMPSC 8, CMPSC 5A, PSTAT 8, CMPSC 90DB, CMPSC 90DA"
SONNINO P M,"HIST, INT","HIST 4B, HIST 129C, HIST 129D, HIST 129E, HIST 129A"
SORAPURE M I,"INT, WRIT","WRIT 155B, WRIT 105M, WRIT 155A, WRIT 28, INT 28"
SORIANO K M,"FEMST, FEMSTW","FEMST 20, FEMSTW 20, FEMST 151AA"
SORKIN JENNI,"ARTHI","ARTHI 6C, ARTHI 5B, ARTHI 148C, ARTHI 119B, ARTHI 141H"
SPECK J S,"MATRL, ECE","MATRL 209A, MATRL 206A, MATRL 209B, ECE 215A, MATRL 596"
SPICKARD P R,"HIST","HIST 2C, HIST 168N, HIST 164IB, HIST 203B, HIST 201RE"
SPIEKER S,"RUSS, SLAV, ARTHI","SLAV 130C, ARTHI 144C, SLAV 123C, SLAV 168, SLAV 164D"
SPRAGUE T C,"PSY","PSY 108, PSY 163TS, PSY 221B, PSY 594TS"
SPRIGGE M A,"MUS","MUS 10A, MUS 119A, MUS 10B, MUS 267, MUS 199"
SQUIRES T M,"CH E","CH E 180A, CH E 180B, CH E 132B, CH E 126, CH E 132A"
SRA M,"CMPSC","CMPSC 190I, CMPSC 185, CMPSC 291A, CMPSC 596"
SREDNICKI M,"PHYS","PHYS 210B, PHYS 210A, PHYS 221A, PHYS 221C, PHYS 221B"
STANSELL A,"WRIT","WRIT 50E, WRIT 109ST, WRIT 2E, WRIT 105SW, WRIT 109HP"
STARTZ R,"ECON","ECON 140A, ECON 145, ECON 241A, ECON 245M, ECON 245B"
STEAVU-BALINT,"RG ST, EACS, CHIN","EACS 4A, RG ST 4, CHIN 101A, RG ST 48, EACS 47"
STEIGERWALD D,"ECON","ECON 140A, ECON 140B, ECON 241B, ECON 245H, ECON 290"
STEIN D A,"THTR, INT","INT 84CE, THTR 199, THTR 10A, THTR 110C, THTR 10B"
STEIN E A,"POL S","POL S 7, POL S 1, POL S 119JW, POL S 15"
STEINKELLNER,"FAMST","FAMST 54, FAMST 113PW, FAMST 113SW"
STEMMER S,"MATRL","MATRL 100B, MATRL 10, MATRL 286Q, MATRL 226, MATRL 286D"
STEVENS V E,"CNCSP","CNCSP 215, CNCSP 214, CNCSP 293, CNCSP 262C"
STEVENSON-MIC,"ESM, EDS","ESM 203, EDS 220, ESM 237, ESM 401C, ESM 401A"
STEWART J C,"ART, BL ST","ART 1C, BL ST 14, BL ST 1, BL ST 45, BL ST 154"
STIER A C,"EEMB","EEMB 106, EEMB 142C, EEMB 142CL, EEMB 595FF, EEMB 242"
STIFEL S W,"CNCSP","CNCSP 223B, CNCSP 250, CNCSP 220, CNCSP 215, CNCSP 292"
STOHL C,"COMM","COMM 108, COMM 131, COMM 175GW, COMM 199RA, COMM 253"
STOHL M S,"COMM","COMM 153, COMM 137, COMM 130, COMM 160PF"
STOHLER J E,"AS AM, HIST","AS AM 136, AS AM 100AA, AS AM 110, AS AM 116, AS AM 131"
STOKES L C,"POL S, ENV S","POL S 15, POL S 106NG, POL S 176, ENV S 176, POL S 295"
STOLL H M,"POL S","POL S 15, POL S 235, POL S 196, POL S 205, POL S 503"
STONE D,"ENV S","ENV S 165A, ENV S 165B"
STOPPLE J,"INT, MATH","MATH 108A, INT 86, MATH 117, INT 84ZT"
STOWERS R S,"ME, ENGR, BIOE","ME 125RS, BIOE 220A, ENGR 220A, BIOE 211, ENGR 220B"
STOYAN T,"MCDB","MCDB 126AL, MCDB 126BL, MCDB 103L, MCDB 133L"
STRATHMAN B A,"POL S, POL SW","POL S 127, POL S 121, POL SW 121, POL S 126, POL S 142"
STRATTON E C,"EEMB","EEMB 188RE, EEMB 288RE"
STREICHAN S,"PHYS, BMSE","PHYS 104, PHYS 24, PHYS 23, PHYS 250, BMSE 210"
STROBEL M,"GER, C LIT, FR","GER 1, C LIT 100, GER 55A, GER 116A, FR 154F"
STRONGMAN R D,"C LIT, BL ST, INT, RG ST","BL ST 7, BL ST 130B, C LIT 33, BL ST 33, BL ST 126"
STRUKOV D B,"ECE","ECE 154A, ECE 10A, ECE 154B, ECE 10AL"
STUART C,"ECON","ECON 100B, ECON 130"
STUART D D,"PHYS, INT","PHYS 127AL, PHYS 103, INT 94TK, PHYS 150, PHYS 199"
STUCKY G D,"MATRL, CHEM","MATRL 241, MATRL 274, CHEM 279, CHEM 273, CHEM 274"
STURMAN P C,"ARTHI, CHIN","ARTHI 6DL, ARTHI 6DS, ARTHI 134C, ARTHI 134D, CHIN 134D"
SU J,"CMPSC","CMPSC 40, CMPSC 189A, CMPSC 174A, CMPSC 174B, CMPSC 209"
SUGAWARA H,"JAPAN","JAPAN 2, JAPAN 1, JAPAN 6, JAPAN 4"
SUH S,"ESM","ESM 272, ESM 271, ESM 514, ESM 512, ESM 401A"
SUN H,"WRIT, LING","LING 3C, LING 3B, WRIT 2"
SUN X,"CHIN, EACS, C LIT, GER","EACS 4B, CHIN 176, C LIT 31, GER 55A"
SUN Y,"PSTAT","PSTAT 115, PSTAT 134, PSTAT 234"
SURE E,"CHIN","CHIN 5, CHIN 4, CHIN 6, CHIN 4NH, CHIN 5NH"
SURI S,"CMPSC","CMPSC 130A, CMPSC 130B, CMPSC 190A, CMPSC 235, CMPSC 231"
SUSKO T G,"ME, ART, ENGR","ME 189C, ME 10, ME 189B, ME 189A, ME 156A"
SVADLENAK N D,"CHEM","CHEM 1AL, CHEM 150, CHEM 1A, CHEM 1C, CHEM 173A"
SWEENEY S H,"GEOG","GEOG 20, GEOG 200B, GEOG 210C, GEOG 596"
SWENSON J S,"PSTAT","PSTAT 5A, PSTAT 130"
SYLVESTER B M,"CHEM","CHEM 1A, CHEM 1B, CHEM 1C"
SZUMLINSKI K,"PSY","PSY 134, PSY 115, PSY 111L, PSY 215"
TAGUE C,"ESM, EDS","EDS 411A, EDS 230, ESM 262, ESM 232, ESM 296"
TAKATORI S,"CH E","CH E 132A, CH E 220A, CH E 220B, CH E 220D"
TAMURA Y,"JAPAN","JAPAN 165, JAPAN 159, JAPAN 150, JAPAN 180WL, JAPAN 180MJ"
TANG S,"MATH","MATH 104A, MATH 104B, MATH 104C, MATH 260H"
TANIMOTO T,"EARTH","EARTH 134, EARTH 135, EARTH 255, EARTH 596"
TARIKERE ASHO,"MATH","MATH 6A, MATH 3A, MATH 117, MATH 108A, MATH 8"
TASCHIAN H J,"ART","ART 1C, ART 1A, ART 130, ART 126, ART 261"
TAYLOR C J,"SOC, SOC W","SOC W 155, SOC 155, SOC 108, SOC 108A, SOC 240"
TAZHITDINOVA,"ECON","ECON 1, ECON 10A, ECON 230C, ECON 230D, ECON 199"
TCHAROS S S,"MUS, INT","INT 137EV, MUS 3A, MUS 10A, MUS 182, MUS 200B"
TEEL A R,"ECE, ME","ECE 147A, ECE 236, ME 236, ECE 229"
TELLES E E,"SOC","SOC 124, SOC 139RN, SOC 226, SOC 596"
THALER K M,"GLOBL","GLOBL 120, GLOBL 197, GLOBL 124, GLOBL 224"
THANDI S,"GLOBL, AS AM","GLOBL 2, AS AM 164, AS AM 100FF, GLOBL 104"
THEOGARAJAN L,"ECE","ECE 5, ECE 132, ECE 137B, ECE 594BB, ECE 194BB"
THOLL A A,"MUS","MUS 106B, MUS 101A, MUS 106A, MUS 101B, MUS 101C"
THOMAS C,"WRIT, INT, ARTHI, WRIT W, ARTHIW","ARTHI 6A, ARTHIW 6R, WRIT W 6R, WRIT 105M, WRIT 109F"
THOMAS C M,"RG ST","RG ST 24, RG ST 116A, RG ST 128A, RG ST 116B, RG ST 137"
THOMAS C T,"ENGL","ENGL 192SC, ENGL 107, ENGL 122RC, ENGL 197"
THOMASSON K M,"EEMB, ENV S","EEMB 3, EEMB 7, EEMB 120, ENV S 25, EEMB 138"
THOMPSON GONZ,"ANTH","ANTH 9, ANTH 123MG, ANTH 197MS, ANTH 253"
THOMPSON M E,"CNCSP","CNCSP 250, CNCSP 214, CNCSP 251, CNCSP 255"
THOMPSON W K,"HIST","HIST 2A, HIST 2B, HIST 101, HIST 140A, HIST 161B"
THROWER D A,"MCDB, MCDB W","MCDB 101A, MCDB 111, MCDB W 111, MCDB 126, MCDB 126A"
TIAN W,"MATH","MATH 6A, MATH 6B, MATH 34A, MATH 3B, MATH 108A"
TIFFNEY B H,"EARTH, EEMB","EARTH 111, EEMB 136, EARTH 141, EEMB 136L, EARTH 111L"
TING J,"DANCE","DANCE 156B, DANCE 156E, DANCE 156C, DANCE 44E, DANCE 56F"
TINSLEY O N,"BL ST","BL ST 7, BL ST 153, BL ST 106, BL ST 125, BL ST 206"
TOBER T L,"SOC","SOC 1, SOC 185S, SOC 130SG, SOC 134, SOC 122"
TODD S J,"LING","LING 102, LING 110, LING 111, LING 194, LING 297"
TOOBY J,"ANTH","ANTH 7, ANTH 121T, ANTH 109, ANTH 234"
TORGUL E,"MUS A, MUS","MUS A 244, MUS 26E, MUS A 44, MUS 219, MUS 220"
TORSIGLIERI A,"THTR","THTR 152A, THTR 15C, THTR 151A, THTR 151D, THTR 151F"
TRIPSAS M,"TMP","TMP 463, TMP 491P, TMP 242"
TRUGMAN A T,"GEOG, ENV S","GEOG 4, ENV S 167, GEOG 167, GEOG 281, GEOG 288AT"
TRUSCELLI N I,"COMM","COMM 1, COMM 160HC, COMM 160MH, COMM 178, COMM 121"
TSAI D,"LING","LING 3B, LING 3C, LING 12, LING 10, LING 8"
TSAI G T,"ME","ME 10, ME 105, ME 129, ME 108, ME 127"
TSAI P B,"EACS, CHIN","EACS 181EC, CHIN 170, CHIN 138B, EACS 181AA, CHIN 126A"
TSOUNA V,"PHIL","PHIL 20A, PHIL 152, PHIL 156, PHIL 297A, PHIL 256G"
TUDISCO J J,"FR, C LIT","C LIT 113, FR 101C, FR 154F, FR 100, C LIT 171"
TUMEN M E,"LAIS, WRIT, HIST","LAIS 101, HIST 151C, WRIT 2"
TURNER T L,"EEMB","EEMB 131, EEMB 130, EEMB 116, EEMB 595EV"
TUROWETZ J,"SOC","SOC 134, SOC 128, SOC 145, SOC 122, SOC 108"
TWINE F W,"SOC","SOC 118B, SOC 185G, SOC 155T, SOC 255R, SOC 294"
TYBJERG D M,"C LIT, FR, ENGL","C LIT 113, C LIT 101, C LIT 100, ENGL 190CA, C LIT 30C"
TYBURCZY J L,"FEMST","FEMST 150, FEMST 80, FEMST 162, FEMST 151DI, FEMST 133"
TYLER C M,"ENV S, ENV SW, EEMB","ENV S 60, ENV S 100, EEMB 168, ENV SW 60"
VAGT C,"GER, C LIT","C LIT 35, GER 35, GER 179C, C LIT 179C, C LIT 148"
VALENTINE D L,"MARSC, EARTH","EARTH 182B, EARTH 270DV, EARTH 182A, EARTH 282A, MARSC 596"
VALENTINE M T,"ME","ME 225MC, ME 146, ME 291A, ME 246"
VAN DE WALLE,"MATRL, ECE","MATRL 279, ECE 211B, MATRL 228, MATRL 288A, MATRL 211A"
VAN DER VEN A,"MATRL","MATRL 200C, MATRL 200Q, MATRL 219, MATRL 289A, MATRL 289H"
VAN KOPPEN P,"CHEM","CHEM 1AL, CHEM 1BL, CHEM 1CL"
VANDERPOOL J,"ART","ART 1C, ART 125, ART 126, ART 244, ART 261"
VANDERWARKER,"ANTH","ANTH 133, ANTH 193, ANTH 186, ANTH 197AC, ANTH 162"
VAZQUEZ-BARE,"ECON","ECON 140A, ECON 241C, ECON 245L, ECON 245I, ECON 290"
VENEGAS C,"FAMST","FAMST 96, FAMST 101C, FAMST 187LA, FAMST 242LA, FAMST 101CH"
VENTAYOL BOAD,"RUSS, LING","LING 101, LING 109, LING 194, RUSS 1"
VERNON T W,"ED, CNCSP","CNCSP 190, ED 190, CNCSP 199RA, CNCSP 197, CNCSP 99RA"
VERTIZ V,"WRIT, INT","WRIT 105C, WRIT 109GS, WRIT 2, WRIT 109CS, WRIT 1"
VIGNA G,"CMPSC","CMPSC 189B, CMPSC 279, CMPSC 596, CMPSC 196"
VIGODA E J,"CMPSC","CMPSC 130A, CMPSC 130B, CMPSC 190A, CMPSC 292A, CMPSC 196"
VIJAY K,"PHYS","PHYS 110A, PHYS 215C, PHYS 217A, PHYS 217B"
VILLANUEVA-NI,"CH ST","CH ST 1B, CH ST 180, CH ST 149, CH ST 193, CH ST 197HC"
VISELL Y,"ME, MAT, ECE","ECE 130B, ECE 160, ME 125YV, MAT 594T, MAT 596"
VLCEK V,"CHEM","CHEM 113B, CHEM 113C, CHEM 196, CHEM 222A, CHEM 115A"
VON WALD K,"FEMST, FEMSTW","FEMST 40, FEMSTW 20, FEMST 80"
VYAS M M,"RG ST","RG ST 162D, RG ST 190NV, RG ST 28, RG ST 11A, RG ST 11B"
WAHLERT G A,"ENV S, ANTH, EEMB","ENV S 3, ENV S 193EB, ANTH 197EB, EEMB 103A, ENV S 103A"
WAID C J,"INT, ENGL","ENGL 134NA, ENGL 165EE, ENGL 34NA, ENGL 198H, ENGL 197"
WAINWRIGHT B,"PSTAT","PSTAT 109, PSTAT 5LS, PSTAT 120A, PSTAT 10, PSTAT 5A"
WAITE J H,"MCDB, CHEM, BMSE","MCDB 123, MCDB 229, CHEM 151, MCDB 145, BMSE 229"
WALKER D S,"RG ST","RG ST 13, RG ST 7, RG ST 150B, RG ST 190MP, RG ST 251B"
WALKER J R,"FAMST","FAMST 182, FAMST 183, FAMST 189CD, FAMST 252CJ, FAMST 595DD"
WALLACE V A,"RG ST","RG ST 193B, RG ST 164C, RG ST 111B, RG ST 206M, RG ST 206F"
WALLER I A,"SOC","SOC 108ST, SOC 1, SOC 108C, SOC 145, SOC 185C"
WALSH C,"ANTH","ANTH 2, ANTH 147, ANTH 235A, ANTH 203, ANTH 596"
WALSH K J,"ECON","ECON 101, ECON 204C, ECON 290, ECON 235D"
WALTHER J B,"INT, COMM","COMM 185, COMM 594CM, INT 200, COMM 199RA"
WANG JING,"JAPAN","JAPAN 159, JAPAN 112, JAPAN 115, JAPAN 144, JAPAN 145"
WANG L C,"ECE","ECE 157A, ECE 156A, ECE 157B, ECE 594BB, ECE 272B"
WANG M,"ED","ED 176B, ED 222A, ED 228H, ED 228E"
WANG R K,"CMPSC","CMPSC 9, CMPSC 32, CMPSC 190J, CMPSC 24A"
WANG Y F,"CMPSC, ECE","CMPSC 130B, CMPSC 265, CMPSC 181, CMPSC 165B, CMPSC 291K"
WANG Y W,"CMPSC","CMPSC 165B, CMPSC 190I, CMPSC 291A, CMPSC 596, CMPSC 196"
WANG Y-D,"PSTAT","PSTAT 5LS, PSTAT 126, PSTAT 220B, PSTAT 220A, PSTAT 228"
WANG YUXIANG,"CMPSC","CMPSC 291K, CMPSC 165A, CMPSC 292F, CMPSC 291A, CMPSC 596"
WARE R T,"HIST, BL ST","HIST 49A, HIST 49B, HIST 149IA, HIST 149BF, HIST 149H"
WARWICK N L,"WRIT","WRIT 2, WRIT 109ED, WRIT 1, WRIT 107B, WRIT 105R"
WATERBURY A T,"PSTAT","PSTAT 160A, PSTAT 160B, PSTAT 5LS"
WATTLES M,"JAPAN, ARTHI","ARTHI 6DW, ARTHI 134H, ARTHI 134J, JAPAN 134H, JAPAN 134J"
WEBB M T,"LING, LING W","LING 141, LING 139, LING 3C, LING 12, LING 14"
WEBBER M A,"WRIT, WRIT W","WRIT 1, WRIT 105PD, WRIT 2, WRIT 107B, WRIT 107WC"
WEBER E,"INT, GER, C LIT","C LIT 36, INT 136FC, GER 115C, INT 84AP, GER 190"
WEBER R,"COMM, PSY","COMM 87, COMM 154, COMM 133, COMM 199RA, PSY 594RW"
WEI G,"MATH","MATH 4B, MATH 4A, MATH 147A, MATH 122A, MATH 8"
WEIMBS T,"MCDB, BMSE","MCDB 103L, MCDB 235, MCDB 218B, MCDB 199, BMSE 235"
WELD D M,"PHYS","PHYS 110B, PHYS 110A, PHYS 115C, PHYS 141, PHYS 250"
WELD S P,"C LIT, SLAV, RUSS, INT","C LIT 100, SLAV 35, SLAV 117A, SLAV 117I, INT 84CO"
WELDEAB S,"INT, EARTH","EARTH 107, EARTH 105, INT 84ZW, EARTH 124I, EARTH 276"
WELTER V W,"INT, ARTHI, ENV S","ENV S 136O, ARTHI 136O, ARTHI 141G, ARTHI 136K, ARTHI 136Y"
WELTY L A,"AS AM","AS AM 4, AS AM 131, AS AM 111, AS AM 100BB"
WERTH S,"ANTH, JAPAN, EACS","ANTH 2, JAPAN 180MJ, ANTH 103B, ANTH 111, ANTH 114"
WESTMACOTT B,"LING","LING 3C, LING 12, LING 8"
WHITAKER D R,"ED LA","ED LA 320F, ED LA 320W"
WHITE J S,"ARTHI, ART","ARTHI 6L, ARTHI 6J, ARTHI 136C, ARTHI 187W, ARTHI 136W"
WHITE K D,"GER","GER 106, GER 2, GER 1, GER 3, GER 101C"
WHITED B S,"DANCE","DANCE 56B, DANCE 156E, DANCE 151B, DANCE 151A, DANCE 50"
WHITEHEAD K A,"SOC","SOC 185E, SOC 136C, SOC 136A"
WHITESTONE S,"COMM","COMM 128, COMM 127, COMM 126, COMM 89"
WHITTET E O,"WRIT","WRIT 107M, WRIT 105C, WRIT 105CW, WRIT 109V"
WICKE J A,"ENGL","ENGL 65FM, ENGL 65LC, ENGL 65WW, ENGL 122FC, ENGL 122LJ"
WILBANKS E G,"MCDB, EEMB","EEMB 3, EEMB 157, EEMB 194BD, EEMB 595BD, EEMB 596"
WILKENFELD N,"COMM W, COMM","COMM W 146, COMM 136, COMM 101"
WILKINSON R C,"ESM","ESM 225, ESM 296"
WILLIAMS A M,"WRIT, WRIT W","WRIT 2, WRIT 107P, WRIT 109V, WRIT W 107WC, WRIT 107M"
WILLIAMS D L,"ENV S","ENV S 193PL"
WILSON B M,"MUS A, MUS","MUS A 37, MUS A 137, MUS A 36, MUS 120B, MUS A 136"
WILSON G D,"ANTH","ANTH 143F, ANTH 112Z, ANTH 182M, ANTH 194P, ANTH 201B"
WILSON M Z,"MCDB, BMSE","MCDB 260, MCDB 172, MCDB 194MW, MCDB 596, MCDB 199"
WILSON S D,"MATRL","MATRL 204, MATRL 286M, MATRL 596"
WILTON M B,"MCDB","MCDB 1B, MCDB 1A, MCDB 110, MCDB 92, MCDB 194D"
WINANT H,"SOC","SOC 131, SOC 185S, SOC 216D, SOC 294"
WINDER T J,"SOC","SOC 144S, SOC 118QC, SOC 108F, SOC 146, SOC 211B"
WITTMAN R K,"ARTHI","ARTHI 6F, ARTHI 142D, ARTHI 142A, ARTHI 142B, ARTHI 137GA"
WOHL H L,"SOC","SOC 118CI, SOC 118C, SOC 196H, SOC 196HR, SOC 218C"
WOLFE C C,"FAMST","FAMST 101B, FAMST 187CO, FAMST 187BK, FAMST 187CC, FAMST 230"
WOLFSON E R,"RG ST, GER","RG ST 26, RG ST 27, RG ST 132A, RG ST 132C, RG ST 132B"
WOLSKI R M,"CMPSC","CMPSC 170, CMPSC 293B, CMPSC 270"
WOODS V E,"PSY, PSY W","PSY 10A, PSY 111, PSY W 1, PSY 120L, PSY 109"
WOOTEN T L,"BL ST","BL ST 1, BL ST 133, BL ST 180, BL ST 190B, BL ST 190BH"
WROBEL A J,"EARTH","EARTH 4, EARTH 10, EARTH 103, EARTH 2"
WU G C,"ENV S","ENV S 25, ENV S 154, ENV S 145"
WUEBBEN D L,"WRIT","WRIT 2, WRIT 109ST, WRIT 105M, WRIT 105R"
WYSS A R,"EARTH","EARTH 7, EARTH 149, EARTH 148, EARTH 596, EARTH 199RA"
XU C,"PHYS","PHYS 21, PHYS 215A, PHYS 123B"
XU H,"CHIN, INT, EACS, C LIT","EACS 4B, CHIN 176, CHIN 82, INT 36KX, C LIT 82"
YAMAMOTO NAOK,"FAMST, INT","FAMST 192FT, FAMST 122JA, FAMST 187MF, INT 136FL, FAMST 155RW"
YAMAUCHI Y,"JAPAN, JAPANW","JAPANW 120A, JAPAN 120A, JAPAN 1, JAPAN 120B, JAPAN 120C"
YAMBOLIEV K I,"WRIT, HIST","WRIT 107P, WRIT 2, HIST 115B, WRIT 1, WRIT 50"
YAN L,"CMPSC","CMPSC 180, CMPSC 190I, CMPSC 280, CMPSC 292F, CMPSC 291A"
YAN X,"CMPSC","CMPSC 165B, CMPSC 165A, CMPSC 291K, CMPSC 291A, CMPSC 596"
YANG H T,"ME, ME W","ME 167, ME W 167"
YANG M,"RG ST, CHIN, EACS, INT","EACS 4B, CHIN 183B, RG ST 183B, RG ST 128, EACS 128"
YANG T,"CMPSC","CMPSC 170, CMPSC 140, CMPSC 293S, CMPSC 596"
YANG XU,"MATH, ME","MATH 3B, MATH 4B, MATH 104B, MATH 104C, MATH 104A"
YANG Y,"CHEM","CHEM 129, CHEM 229, CHEM 239, CHEM 239YY, CHEM 223"
YAQUB S,"HIST","HIST 17C, HIST 171D, HIST 171ME, HIST 171C, HIST 171R"
YASUDA K,"ART, INT","INT 84CF, ART 133M, INT 136PA, ART 12, ART 106PP"
YE R,"MATH","MATH 4A, MATH 3A, MATH 147A, MATH 117, MATH 108B"
YERKES K M,"MAT","MAT 10, MAT 201A, MAT 594CE, MAT 201B, MAT 594E"
YEUNG E H,"ME","ME 155A, ME 107, ME 125EY, ME 125ML, ME 225ML"
YI S,"EEMB","EEMB 101, EEMB 509, EEMB 595EV, EEMB 595GE, EEMB 194GE"
YOON H,"MUS","MUS 8, MUS 88"
YOUNG A F,"PHYS","PHYS 22, PHYS 115A, PHYS 115B, PHYS 199"
YOUNG H S,"MCDB, EEMB","EEMB 120, EEMB 113, EEMB 113L, EEMB 596, EEMB 199"
YOUNG K,"ENGL","ENGL 170MT, ENGL 151JA, ENGL 197, ENGL 233, ENGL 195I"
YU G,"PSTAT","PSTAT 126, PSTAT 131, PSTAT 232, PSTAT 262DS, PSTAT 231"
YU H,"PSY","PSY 102, PSY 139, PSY 153"
YU H-J,"CHIN","CHIN 26, CHIN 124B, CHIN 136, CHIN 150, CHIN 127C"
YU YIN,"ART, INT","INT 93LS, ART 102MM, ART 122CD, ART 185AI"
YUKSEL S,"ECON","ECON 100B, ECON 210B, ECON 278C, ECON 290"
ZACKRISON E J,"TMP, COMM","COMM 120, TMP 120, TMP 452A, TMP 452B, TMP 452C"
ZAKARIAN A S,"CHEM","CHEM 109C, CHEM 233, CHEM 133, CHEM 596, CHEM 239AA"
ZALEHA S,"ART","ART 124, ART 14, ART 110, ART 123, ART 246"
ZANGER D,"PSTAT","PSTAT 126, PSTAT 160A"
ZARATE A D,"CH ST, BL ST, AS AM","CH ST 138, AS AM 101C, CH ST 133, BL ST 101C, CH ST 101C"
ZEE A,"PHYS","PHYS 120, PHYS 150"
ZETZER H A,"CNCSP","CNCSP 114, CNCSP 101, CNCSP 112, CNCSP 118, CNCSP 197"
ZHANG LIMING,"CHEM","CHEM 109C, CHEM 109AH, CHEM 163, CHEM 232, CHEM 263"
ZHANG YITANG,"MATH","MATH 108A, MATH 108B, MATH 115A, MATH 8, MATH 115B"
ZHANG Z,"ECE","ECE 15A, ECE 273, ECE 594BB, ECE 194BB, ECE 196"
ZHAO X,"AS AM, AS AMW","AS AMW 1, AS AM 1, AS AM 109, AS AM 175, AS AM 199RA"
ZHAO XIAOLEI,"MATH","MATH 111A, MATH 122B, MATH 237A, MATH 220B, MATH 237C"
ZHENG X,"HIST, EACS, CHIN","EACS 4B, EACS 80, HIST 80, HIST 185B, CHIN 185B"
ZHOU HANMING,"MATH","MATH 118A, MATH 118B, MATH 8, MATH 118C, MATH 201C"
ZHU Y,"ME","ME 151C, ME 125ES, ME 125YZ, ME 225YZ"
ZHU ZIMU,"PSTAT","PSTAT 120A, PSTAT 160A, PSTAT 160B, PSTAT 170"
ZIMMAN L,"LING","LING 132, LING 131, LING 144, LING 230, LING 232"
ZIMMERMAN A Z,"PHIL, INT","PHIL 4, PHIL 100D, PHIL 100B, PHIL 134, PHIL 176"
ZIPPERSTEIN S,"HIST","HIST 166LB, HIST 142AL, HIST 165S, HIST 108LT"
ZISA J E,"ENGL","ENGL 15, ENGL 101, ENGL 102, ENGL 10"
ZISERMAN P,"FR","FR 5, FR 2, FR 4, FR 3"
ZOK F,"ME, MATRL","MATRL 100C, MATRL 289X, MATRL 261, ME 265"
ZULUETA B C,"AS AM","AS AM 1, AS AM 2, AS AM 100HH, AS AM 133, AS AM 137"
ZUO Y,"HIST, CHIN","HIST 2B, HIST 184B, HIST 184M, HIST 184T, HIST 184R"
ZYLSTRA S J,"PHIL","PHIL 4, PHIL 20B, PHIL 161, PHIL 131, PHIL 160"
Grand Total,"
